1048576000S,0C
507069387 1264
17059 1
18344 1
3623 1
20533 1
161758 1
5437 1
5434 1
27277 1
5437 1
27277 1
5437 1
27279 1
5437 1
27277 1
5437 1
5435 1
161218 1
8913 1
20607 1
387211 1
23506 1
4130 1
6537 1
98405 1
9043 1
6547 1
71373 1
67783 1
20393184 1
5167 1
24607 1
-7636 -3
-20977309 -17
-489663 -6
-7383452 -68
44154 1
137188 1
2146092 1
1170064 1
671445 1
347301 1
161021 1
7453 1
6195 1
3259 1
135461 1
449253 1
2549 1
1883 1
32886 1
162365 1
10774 1
1888 1
10733 1
13887 1
30005 1
2204955 1
13125 1
5436 1
13123 1
115726 1
152317 1
400125 1
250695 1
2715 1
27252 1
27252 1
3397336 1
5436 1
5436 1
11997 1
5135 1
13448 1
12052 1
13855 1
15113 1
15609 1
30884 1
