524288000S,0C
0 0
29401 1
6835 1
1117 1
288715 1
1111753 1
1158 1
-1117 -1
1158 1
121787 1
100880 1
88160 1
122136 1
87928 1
97892 1
161159 1
112728 1
116982 1
144290 1
-1158 -1
144734 1
145022 1
123648 1
2369 1
2681 1
9429 1
147456 1
38416 1
3405 1
3693 1
5675 1
4939 1
5227 1
9837 1
10377 1
178094 1
428138 1
454758 1
455046 1
4556 1
4844 1
56364 1
327499 1
16986 1
105571 1
101438 1
112958 1
101927 1
5702 1
5990 1
7036 1
7324 1
7910 1
7004 1
7292 1
107184 1
9449 1
8637 1
8925 1
3915 1
4203 1
3925 1
13776 1
4537 1
142456 1
2701368 1
22591 1
88776 1
10849 1
11137 1
87872 1
17484 1
17752 1
105652 1
100508 1
13689 1
13977 1
37720 1
3424 1
3712 1
3880 1
4117 1
3162 1
3450 1
121507 1
22184 1
164137 1
22231 1
24196 1
5543 1
5831 1
4006 1
4294 1
10400 1
9067 1
13564 1
810562 1
90459 1
153722 1
62247 1
60736 1
68276 1
72916 1
21817 1
23828 1
103434 1
103239 1
101821 1
52350 1
65638 1
102399 1
65948 1
111588 1
65169 1
283302 1
66777 1
192462 1
331985 1
161104 1
169731 1
82726 1
82714 1
114652 1
111141 1
116515 1
129477 1
1874760 1
22844 1
123941 1
4076 1
120356 1
23749 1
51630 1
50249 1
60127 1
24680 1
133275 1
128399 1
83118 1
40335 1
84129 1
86352 1
89619 1
165056 1
174234 1
248063 1
192793 1
297551 1
192915 1
85825 1
132852 1
84106 1
95808 1
111744 1
92759 1
115259 1
143341 1
108150 1
108154 1
75719 1
186476 1
149754 1
85110 1
101237 1
134031 1
178713 1
109019 1
140176 1
108950 1
243134 1
238915 1
129699 1
136875 1
144095 1
135455 1
91240 1
116162 1
123634 1
80094 1
247089 1
112361 1
638531 1
21600 1
21888 1
3210 1
3498 1
33754 1
34403 1
23598 1
78244 1
23002 1
11964 1
12252 1
192761 1
275236 1
193667 1
262440 1
1637724 1
320739 1
77498 1
17386 1
83801 1
81137 1
148913 1
332464 1
315828 1
137050 1
67582 1
87196 1
315810 1
