524288000S,0C
0 0
7321 1
1748 1
2024 1
106650 1
3600 1
3876 1
15339 1
5041 1
5317 1
20771 1
6577 1
6853 1
9027 1
315125 1
10539 1
10539 1
10540 1
7962 1
14207 1
7968 1
10547 1
10187 1
10537 1
10540 1
7475 1
2601 1
27510 1
2604 1
2602 1
10526 1
2824 1
2793 1
16087 1
19551 1
18487 1
13261 1
12003 1
9019 1
2601 1
10007 1
10007 1
2600 1
26392 1
2604 1
10509 1
2606 1
2607 1
2603 1
2605 1
2606 1
2603 1
2607 1
2605 1
2606 1
2603 1
18978 1
2601 1
2604 1
2601 1
24678 1
2599 1
10502 1
2602 1
18071 1
27311 1
5324 1
5347 1
27284 1
5324 1
5318 1
27266 1
17059 1
5437 1
5434 1
27277 1
5437 1
27277 1
5437 1
27279 1
5437 1
27277 1
5437 1
5435 1
27344 1
27344 1
5460 1
5460 1
27319 1
5435 1
30005 1
5436 1
115726 1
27252 1
27252 1
5436 1
5436 1
27334 1
5436 1
27334 1
27334 1
27334 1
27334 1
27334 1
27334 1
5436 1
5436 1
5436 1
5436 1
27334 1
5436 1
27334 1
27334 1
5436 1
5436 1
27334 1
5436 1
5436 1
5436 1
27334 1
27334 1
27334 1
5436 1
5436 1
5436 1
