0S,0C
0 0
532 1
2425 1
97186 1
179376 1
138328 1
141747 1
141779 1
3968 1
4287 1
97207 1
152055 1
4037 1
198741 1
3996 1
97239 1
105254 1
105273 1
198731 1
144288 1
3943 1
81812 1
3391 1
138194 1
81808 1
207492 1
98570 1
145810 1
145119 1
3960 1
6038 1
89597 1
83347 1
5067 1
21075 1
3618 1
98540 1
236964 1
120927 1
89601 1
6769 1
191765 1
144146 1
191609 1
3806 1
120927 1
118936 1
86862 1
111161 1
6716 1
75017 1
8409 1
121581 1
117915 1
181462 1
4986 1
145149 1
146019 1
6716 1
3905 1
146025 1
138389 1
192006 1
3101 1
4983 1
192014 1
103317 1
4983 1
161628 1
162324 1
4603 1
162332 1
127886 1
119234 1
119235 1
164940 1
191908 1
3934 1
69516 1
3940 1
191949 1
90536 1
6312 1
138348 1
90557 1
138371 1
89273 1
168952 1
89271 1
84648 1
110816 1
164099 1
3923 1
168958 1
3570 1
87000 1
164108 1
3875 1
3290 1
126600 1
4156 1
85654 1
126619 1
105348 1
99973 1
105347 1
3384 1
9110 1
3048 1
286139 1
158858 1
1347 1
192013 1
192029 1
114220 1
5396 1
786 1
2913 1
-10765616 -113
3645 1
4923 1
31583 1
