1395788402,0,54786,3
1395792002,0,0,0
1395795601,0,37632,1
1395799201,0,0,0
1395802801,0,0,0
1395806401,0,0,0
1395810001,0,0,0
1395813601,0,0,0
1395817201,0,0,0
1395820801,0,0,0
1395824401,0,0,0
1395828001,0,0,0
1395831601,0,0,0
1395835202,0,0,0
1395838801,0,0,0
1395842402,0,0,0
1395846001,0,0,0
1395849601,0,0,0
1395853201,0,0,0
1395856801,0,0,0
1395860401,0,0,0
1395864001,0,0,0
1395867601,0,0,0
1395871201,0,0,0
1395874801,0,0,0
1395878402,0,0,0
1395882002,0,0,0
1395885601,0,0,0
1395889201,0,0,0
1395892801,0,0,0
1395896401,0,0,0
1395900002,0,0,0
1395903601,0,0,0
1395907202,0,0,0
1395910801,0,0,0
1395914402,0,0,0
1395918001,0,0,0
1395921601,0,0,0
1395925201,0,0,0
1395928802,0,0,0
1395932401,0,0,0
1395936001,0,0,0
1395939602,0,0,0
1395943201,0,0,0
1395946802,0,0,0
1395950401,0,0,0
1395954002,0,0,0
1395957602,0,0,0
1395961201,0,0,0
1395964801,0,0,0
1395968401,0,0,0
1395972001,0,0,0
1395975601,0,0,0
1395979201,0,0,0
1395982801,0,0,0
1395986401,0,0,0
1395990001,0,0,0
1395993602,0,0,0
1395997201,0,0,0
1396000801,0,0,0
1396004401,0,0,0
1396008001,0,0,0
1396011601,0,0,0
1396015201,0,0,0
1396018801,0,0,0
1396022401,0,0,0
1396026001,0,0,0
1396029601,0,0,0
1396033202,0,0,0
1396036802,0,0,0
1396040402,0,0,0
1396044001,0,0,0
1396047601,0,0,0
1396051201,0,0,0
1396054801,0,0,0
1396058401,0,0,0
1396062001,0,0,0
1396065602,0,0,0
1396069201,0,0,0
1396072801,0,0,0
1396076401,0,0,0
1396080001,0,0,0
1396083601,0,0,0
1396087202,0,0,0
1396090801,0,0,0
1396094401,0,0,0
1396098001,0,0,0
1396101601,0,0,0
1396105202,0,0,0
1396108801,0,0,0
1396112402,0,0,0
1396116002,0,0,0
1396119601,0,0,0
1396123201,0,0,0
1396126801,0,0,0
1396130401,0,0,0
1396134001,0,0,0
1396137601,0,0,0
1396141201,0,0,0
1396144802,0,0,0
1396148401,0,0,0
1396152001,0,0,0
1396155601,0,0,0
1396159201,0,0,0
1396162801,0,0,0
1396166401,0,0,0
1396170001,0,0,0
1396173602,0,0,0
1396177201,0,0,0
1396180802,0,0,0
1396184401,0,0,0
1396188001,0,0,0
1396191601,0,0,0
1396195201,0,0,0
1396198801,0,0,0
1396202402,0,0,0
1396206001,0,0,0
1396209602,0,0,0
1396213201,0,0,0
1396216801,0,0,0
1396220401,0,0,0
1396224001,0,0,0
1396227602,0,0,0
1396231201,0,0,0
1396234801,0,0,0
1396238401,0,0,0
1396242001,0,0,0
1396245601,0,0,0
1396249201,0,0,0
1396252801,0,0,0
1396256401,0,0,0
1396260002,0,0,0
1396263602,0,0,0
1396267201,0,0,0
1396270801,0,0,0
1396274401,0,0,0
1396278001,0,0,0
1396281602,0,0,0
1396285201,0,0,0
1396288801,0,0,0
1396292401,0,0,0
1396296001,0,0,0
1396299601,0,0,0
1396303201,0,0,0
1396306801,0,0,0
1396310402,0,0,0
1396314001,0,0,0
1396317601,0,0,0
1396321202,0,0,0
1396324802,0,0,0
1396328401,0,0,0
1396332001,0,0,0
1396335601,0,0,0
1396339201,0,0,0
1396342802,0,0,0
1396346401,0,0,0
1396350002,0,0,0
1396353601,0,0,0
1396357201,0,0,0
1396360801,0,0,0
1396364401,0,0,0
1396368002,0,0,0
1396371601,0,0,0
1396375201,0,0,0
1396378801,0,0,0
1396382401,0,0,0
1396386001,0,0,0
1396389601,0,0,0
1396393201,0,0,0
1396396801,0,0,0
1396400402,0,0,0
1396404001,0,0,0
1396407601,0,0,0
1396411201,0,0,0
1396414801,0,0,0
1396418402,0,0,0
1396422002,0,0,0
1396425601,0,0,0
1396429201,0,0,0
1396432801,0,0,0
1396436401,0,0,0
1396440001,0,0,0
1396443601,0,0,0
1396447202,0,0,0
1396450801,0,0,0
1396454401,0,0,0
1396458002,0,0,0
1396461601,0,0,0
1396465201,0,0,0
1396468801,0,0,0
1396472401,0,0,0
1396476001,0,0,0
1396479601,0,0,0
1396483202,0,0,0
1396486802,0,0,0
1396490401,0,0,0
1396494001,0,0,0
1396497601,0,0,0
1396501201,0,0,0
1396504801,0,0,0
1396508402,0,0,0
1396512001,0,0,0
1396515602,0,0,0
1396519201,0,0,0
1396522802,0,0,0
1396526401,0,0,0
1396530001,0,0,0
1396533601,0,0,0
1396537201,0,0,0
1396540801,0,0,0
1396544401,0,0,0
1396548002,0,0,0
1396551601,0,0,0
1396555201,0,0,0
1396558801,0,0,0
1396562401,0,0,0
1396566001,0,0,0
1396569601,0,0,0
1396573201,0,0,0
1396576801,0,0,0
1396580401,0,0,0
1396584001,0,0,0
1396587601,0,0,0
1396591201,0,0,0
1396594802,0,0,0
1396598402,0,0,0
1396602001,0,0,0
1396605601,0,0,0
1396609201,0,0,0
1396612802,0,0,0
1396616401,0,0,0
1396620001,0,0,0
1396623601,0,0,0
1396627201,0,0,0
1396630802,0,0,0
1396634402,0,0,0
1396638002,0,0,0
1396641602,0,0,0
1396645201,0,0,0
1396648801,0,0,0
1396652401,0,0,0
1396656001,0,0,0
1396659602,0,0,0
1396663201,0,0,0
1396666801,0,0,0
1396670401,0,0,0
1396674001,0,0,0
1396677601,0,0,0
1396681201,0,0,0
1396684802,0,0,0
1396688401,0,0,0
1396692001,0,0,0
1396695601,0,0,0
1396699201,0,0,0
1396702801,0,0,0
1396706402,0,0,0
1396710002,0,0,0
1396713601,0,0,0
1396717202,0,0,0
1396720801,0,0,0
1396724401,0,0,0
1396728001,0,0,0
1396731601,0,0,0
1396735201,0,0,0
1396738801,0,0,0
1396742402,0,0,0
1396746002,0,0,0
1396749601,0,0,0
1396753201,0,0,0
1396756801,0,0,0
1396760402,0,0,0
1396764001,0,0,0
1396767601,0,0,0
1396771201,0,0,0
1396774801,0,0,0
1396778401,0,0,0
1396782002,0,0,0
1396785601,0,0,0
1396789201,0,0,0
1396792801,0,0,0
1396796401,0,0,0
1396800002,0,0,0
1396803601,0,0,0
1396807201,0,0,0
1396810801,0,0,0
1396814401,0,0,0
1396818001,0,0,0
1396821601,0,0,0
1396825201,0,0,0
1396828801,0,0,0
1396832401,0,0,0
1396836001,0,0,0
1396839601,0,0,0
1396843202,0,0,0
1396846801,0,0,0
1396850402,0,0,0
1396854001,0,0,0
1396857601,0,0,0
1396861201,0,0,0
1396864801,0,0,0
1396868401,0,0,0
1396872001,0,0,0
1396875601,0,0,0
1396879201,0,0,0
1396882801,0,0,0
1396886401,0,0,0
1396890002,0,0,0
1396893601,0,0,0
1396897202,0,0,0
1396900801,0,0,0
1396904402,0,0,0
1396908001,0,0,0
1396911601,6,1640364,107
1396915201,0,0,0
1396918801,0,0,0
1396922401,0,0,0
1396926001,0,0,0
1396929601,0,0,0
1396933202,0,0,0
1396936802,0,0,0
1396940402,0,0,0
1396944001,0,0,0
1396947601,0,0,0
1396951201,0,0,0
1396954801,0,0,0
1396958401,0,0,0
1396962001,0,0,0
1396965602,0,0,0
1396969201,7,1868050,88
1396972802,0,0,0
1396976402,0,0,0
1396980001,0,0,0
1396983601,0,0,0
1396987201,0,0,0
1396990801,0,0,0
1396994402,0,0,0
1396998002,0,0,0
1397001602,0,34166,2
1397005201,4,1360998,95
1397008802,1,544646,35
1397012401,0,0,0
1397016001,0,0,0
1397019601,0,0,0
1397023201,0,0,0
1397026801,0,0,0
1397030401,0,203740,17
1397034001,0,0,0
1397037602,0,18176,1
1397041202,0,0,0
1397044801,0,0,0
1397048402,0,0,0
1397052001,0,0,0
1397055601,0,0,0
1397059201,0,0,0
1397062801,0,0,0
1397066401,0,0,0
1397070001,0,0,0
1397073602,0,0,0
1397077201,0,0,0
1397080801,0,0,0
1397084402,0,0,0
1397088001,0,0,0
1397091601,0,0,0
1397095201,0,0,0
1397098801,0,0,0
1397102402,0,0,0
1397106002,0,0,0
1397109602,0,0,0
1397113201,0,0,0
1397116801,0,0,0
1397120401,0,0,0
1397124001,0,0,0
1397127601,0,0,0
1397131202,0,0,0
1397134801,0,0,0
1397138401,0,0,0
1397142001,0,0,0
1397145601,0,0,0
1397149201,0,0,0
1397152801,0,0,0
1397156401,0,0,0
1397160001,0,0,0
1397163602,0,0,0
1397167201,0,0,0
1397170801,0,0,0
1397174401,0,0,0
1397178001,0,0,0
1397181601,0,0,0
1397185201,0,0,0
1397188801,0,0,0
1397192401,0,0,0
1397196002,0,0,0
1397199601,0,0,0
1397203201,0,0,0
1397206801,0,0,0
1397210401,0,0,0
1397214001,0,0,0
1397217601,0,0,0
1397221201,0,0,0
1397224801,0,0,0
1397228401,0,0,0
1397232001,0,0,0
1397235602,0,0,0
1397239201,0,0,0
1397242801,0,0,0
1397246401,0,0,0
1397250001,0,0,0
1397253602,0,0,0
1397257201,0,0,0
1397260801,0,18256,1
1397264401,0,0,0
1397268002,0,0,0
1397271601,0,0,0
1397275202,0,0,0
1397278801,0,0,0
1397282401,0.01,18256,1
1397286001,0,0,0
1397289601,0,0,0
1397293201,0,0,0
1397296801,0,0,0
1397300401,0,0,0
1397304001,0,0,0
1397307601,0,0,0
1397311201,0,0,0
1397314802,0,0,0
1397318401,0,0,0
1397322001,0,0,0
1397325601,0,0,0
1397329201,0,0,0
1397332801,0,0,0
1397336401,0,0,0
1397340001,0,0,0
1397343601,0.01,18256,1
1397347201,0,0,0
1397350801,0,0,0
1397354401,0,0,0
1397358001,0,0,0
1397361602,0,0,0
1397365201,0,0,0
1397368801,0,0,0
1397372401,0,0,0
1397376001,0,0,0
1397379601,0,0,0
1397383202,0,0,0
1397386801,0,0,0
1397390401,0,0,0
1397394001,0,0,0
1397397601,0,0,0
1397401201,0,0,0
1397404802,0,0,0
1397408401,0,0,0
1397412001,0,0,0
1397415601,0,0,0
1397419201,0,0,0
1397422802,0,0,0
1397426401,0,0,0
1397430001,0,0,0
1397433601,0,0,0
1397437201,0,0,0
1397440801,0,0,0
1397444402,0,0,0
1397448001,0,0,0
1397451601,0,0,0
1397455202,0,0,0
1397458802,0,0,0
1397462401,0,0,0
1397466001,0,0,0
1397469602,0,0,0
1397473202,0,0,0
1397476801,0,0,0
1397480402,0,0,0
1397484001,0,0,0
1397487601,0,0,0
1397491201,0,0,0
1397494801,0,0,0
1397498401,0,0,0
1397502001,0,0,0
1397505601,0,0,0
1397509201,0.02,36512,2
1397512801,0,0,0
1397516402,0,0,0
1397520002,0,0,0
1397523601,0,0,0
1397527201,0,0,0
1397530801,0,0,0
1397534401,0,0,0
1397538001,0,0,0
1397541601,0,0,0
1397545201,0,0,0
1397548801,0,0,0
1397552402,0,0,0
1397556001,0,0,0
1397559601,0.49,173002,15
1397563201,0,0,0
1397566801,0,0,0
1397570401,0,0,0
1397574001,0,0,0
1397577601,0,0,0
1397581201,0,0,0
1397584801,0,0,0
1397588401,0,0,0
1397592002,0,0,0
1397595602,0,0,0
1397599201,0,0,0
1397602801,0,0,0
1397606401,0,0,0
1397610001,0,0,0
1397613601,0,0,0
1397617201,0,0,0
1397620802,0,0,0
1397624401,0,0,0
1397628002,0,0,0
1397631602,0,0,0
1397635202,0,0,0
1397638801,0,0,0
1397642401,0,0,0
1397646001,0,0,0
1397649601,0,0,0
1397653201,0,0,0
1397656801,0,0,0
1397660402,0,0,0
1397664002,0,0,0
1397667601,0,0,0
1397671201,0,0,0
1397674802,0.02,18256,1
1397678401,0.02,18256,1
1397682001,0,0,0
1397685601,0,0,0
1397689201,0,0,0
1397692802,0,0,0
1397696401,0,0,0
1397700002,0,0,0
1397703601,0,0,0
1397707201,0,0,0
1397710801,0,0,0
1397714401,0,0,0
1397718001,0,0,0
1397721602,0,0,0
1397725201,0,0,0
1397728801,0,0,0
1397732401,0,0,0
1397736001,0.5,172954,15
1397739602,0,0,0
1397743201,0,0,0
1397746802,0,0,0
1397750401,0,0,0
1397754001,0,0,0
1397757601,0,0,0
1397761201,0,0,0
1397764801,0,0,0
1397768401,0,0,0
1397772001,0,0,0
1397775601,0,0,0
1397779201,0,0,0
1397782801,0,0,0
1397786401,0,0,0
1397790001,0,0,0
1397793601,0,0,0
1397797201,0,0,0
1397800801,0,0,0
1397804401,0,0,0
1397808001,0,0,0
1397811601,0,0,0
1397815202,0,0,0
1397818801,0,0,0
1397822401,0,0,0
1397826001,0,0,0
1397829602,0,0,0
1397833201,0,0,0
1397836802,0,0,0
1397840401,0,0,0
1397844001,0,0,0
1397847601,0,0,0
1397851201,0,0,0
1397854801,0,0,0
1397858401,0,0,0
1397862001,0,0,0
1397865601,0,0,0
1397869201,0,0,0
1397872802,0,0,0
1397876401,0,0,0
1397880001,0,0,0
1397883601,0,0,0
1397887201,0,0,0
1397890802,0,0,0
1397894402,0,0,0
1397898002,0,0,0
1397901601,0,0,0
1397905201,0.02,18256,1
1397908801,0,0,0
1397912401,0,0,0
1397916001,0,0,0
1397919601,0,0,0
1397923201,0,0,0
1397926801,0,0,0
1397930402,0,0,0
1397934001,0,0,0
1397937602,0,0,0
1397941202,0,0,0
1397944801,0,0,0
1397948401,0,0,0
1397952001,0,0,0
1397955601,0,0,0
1397959201,0,0,0
1397962801,0,0,0
1397966401,0,0,0
1397970001,0,0,0
1397973601,0,0,0
1397977201,0,0,0
1397980802,0,0,0
1397984402,0,0,0
1397988001,0,0,0
1397991601,0,0,0
1397995201,0,0,0
1397998802,0,0,0
1398002401,0,0,0
1398006001,0,0,0
1398009601,0,0,0
1398013201,0,0,0
1398016801,0,0,0
1398020401,0,0,0
1398024002,0,0,0
1398027601,0,0,0
1398031202,0,0,0
1398034801,0,0,0
1398038401,0,0,0
1398042001,0,0,0
1398045601,0,0,0
1398049202,0,0,0
1398052801,0,0,0
1398056401,0,0,0
1398060002,0,0,0
1398063602,0,0,0
1398067201,0,0,0
1398070801,0,0,0
1398074402,0,0,0
1398078002,0,0,0
1398081601,0,0,0
1398085201,0,0,0
1398088801,0,0,0
1398092401,0,0,0
1398096001,0,0,0
1398099601,0,0,0
1398103201,0,0,0
1398106801,0,0,0
1398110401,0,0,0
1398114002,0,0,0
1398117601,0,0,0
1398121201,0,0,0
1398124801,0,0,0
1398128401,0,0,0
1398132001,0,0,0
1398135601,0,0,0
1398139201,0,0,0
1398142801,0,0,0
1398146402,0,0,0
1398150001,0,0,0
1398153601,0,0,0
1398157201,0,0,0
1398160802,0,0,0
1398164401,0,0,0
1398168001,0,0,0
1398171601,0,0,0
1398175201,0,0,0
1398178801,0,0,0
1398182401,0,0,0
1398186001,0,0,0
1398189602,0,0,0
1398193201,0,0,0
1398196801,0,0,0
1398200401,0,0,0
1398204002,0,0,0
1398207601,0,0,0
1398211202,0,0,0
1398214802,0,0,0
1398218401,0,0,0
1398222001,0,0,0
1398225601,0,0,0
1398229201,0,0,0
1398232801,0,0,0
1398236401,0,0,0
1398240001,0,0,0
1398243601,0,0,0
1398247202,0,0,0
1398250802,0,0,0
1398254401,0,0,0
1398258001,0.59,173338,15
1398261601,0,0,0
1398265201,0,0,0
1398268801,0,0,0
1398272401,0,0,0
1398276002,0,0,0
1398279601,0,0,0
1398283201,0,0,0
1398286801,0,0,0
1398290401,0,0,0
1398294001,0,0,0
1398297601,0.01,18256,1
1398301201,0.01,18256,1
1398304801,0,0,0
1398308401,0,0,0
1398312001,0,0,0
1398315601,0,0,0
1398319201,0,0,0
1398322801,0,0,0
1398326401,0.01,18256,1
1398330001,0,0,0
1398333601,0,0,0
1398337201,0,0,0
1398340801,0,0,0
1398344401,0,0,0
1398348001,0,0,0
1398351601,0,0,0
1398355201,0,0,0
1398358801,0,0,0
1398362401,0,0,0
1398366001,0,0,0
1398369601,0,0,0
1398373201,0,0,0
1398376802,0,0,0
1398380401,0,0,0
1398384002,0,0,0
1398387601,0,0,0
1398391201,0,0,0
1398394801,0,0,0
1398398401,0,0,0
1398402001,0,0,0
1398405601,0,0,0
1398409201,0,0,0
1398412801,0,0,0
1398416401,0,0,0
1398420001,0,0,0
1398423601,0,0,0
1398427201,0,0,0
1398430801,0,0,0
1398434402,0,0,0
1398438001,0,0,0
1398441601,0,0,0
1398445202,0,0,0
1398448801,0,0,0
1398452401,0,0,0
1398456001,0,0,0
1398459601,0,0,0
1398463201,0,0,0
1398466801,0,0,0
1398470401,0,0,0
1398474002,0,0,0
1398477602,0,0,0
1398481201,0,0,0
1398484801,0,0,0
1398488401,0,0,0
1398492001,0,0,0
1398495601,0,0,0
1398499201,0,0,0
1398502801,0,0,0
1398506401,0,0,0
1398510001,0,0,0
1398513601,0,0,0
1398517202,0,0,0
1398520801,0,0,0
1398524401,0,0,0
1398528001,0,0,0
1398531601,0,0,0
1398535201,0.01,18256,1
1398538801,0,0,0
1398542401,0,0,0
1398546002,0,0,0
1398549601,0,0,0
1398553201,0,0,0
1398556801,0,0,0
1398560402,0,0,0
1398564001,0,0,0
1398567601,0,0,0
1398571201,0,0,0
1398574802,0,0,0
1398578401,0,0,0
1398582001,0,0,0
1398585601,0,0,0
1398589201,0,0,0
1398592801,0,0,0
1398596401,0,0,0
1398600001,0,0,0
1398603601,0,0,0
1398607202,0.52,173834,15
1398610801,0,0,0
1398614401,0,0,0
1398618001,0,0,0
1398621601,0,0,0
1398625201,0.01,18256,1
1398628801,0,0,0
1398632401,0,0,0
1398636001,0,0,0
1398639602,0,0,0
1398643201,0,0,0
1398646801,0,0,0
1398650401,0,0,0
1398654001,0,0,0
1398657601,0,0,0
1398661201,0,0,0
1398664801,0,0,0
1398668401,0,0,0
1398672001,0,0,0
1398675601,0,0,0
1398679201,0,0,0
1398682801,0,0,0
1398686401,0,0,0
1398690001,0,0,0
1398693602,0,0,0
1398697201,0,0,0
1398700801,0,0,0
1398704401,0,0,0
1398708001,0,0,0
1398711601,0,0,0
1398715201,0,0,0
1398718802,0,0,0
1398722401,0,0,0
1398726001,0,0,0
1398729601,0,0,0
1398733201,0,0,0
1398736801,0.01,18256,1
1398740401,0,0,0
1398744001,0,0,0
1398747602,0,0,0
1398751201,0,0,0
1398754801,0,0,0
1398758401,0,0,0
1398762001,0,0,0
1398765602,0,0,0
1398769201,0,0,0
1398772802,0,0,0
1398776401,0,0,0
1398780001,0,0,0
1398783601,0,0,0
1398787201,0.02,18256,1
1398790801,0,0,0
1398794401,0,0,0
1398798001,0,0,0
1398801601,0,0,0
1398805201,0,0,0
1398808801,0,0,0
1398812401,0.01,18256,1
1398816001,0,0,0
1398819601,0,0,0
1398823201,0,0,0
1398826801,0,0,0
1398830401,0,0,0
1398834001,0,0,0
1398837602,0,0,0
1398841201,0,0,0
1398844801,0,0,0
1398848402,0,18256,1
1398852001,0,0,0
1398855601,0,0,0
1398859201,0,0,0
1398862802,0,0,0
1398866401,0.53,173610,15
1398870002,0,0,0
1398873601,0,0,0
1398877202,0,0,0
1398880801,0,0,0
1398884401,0,0,0
1398888001,0.01,18256,1
1398891602,0,0,0
1398895202,0,0,0
1398898801,0,0,0
1398902401,0,0,0
1398906001,0,0,0
1398909601,0,0,0
1398913201,0,0,0
1398916801,0,0,0
1398920401,0,0,0
1398924002,0,18256,1
1398927601,0,0,0
1398931202,0,0,0
1398934801,0,0,0
1398938401,0,0,0
1398942002,0,0,0
1398945602,0,0,0
1398949202,0,0,0
1398952801,0,0,0
1398956402,0,0,0
1398960001,0,0,0
1398963601,0,0,0
1398967201,0,0,0
1398970801,0,0,0
1398974402,0,0,0
1398978002,0,0,0
1398981601,0,0,0
1398985201,0,0,0
1398988801,0,0,0
1398992401,0,0,0
1398996001,0,0,0
1398999601,0,0,0
1399003201,0.01,18256,1
1399006801,0,0,0
1399010401,0,0,0
1399014001,0,0,0
1399017601,0,0,0
1399021202,0,0,0
1399024801,0,0,0
1399028402,0,0,0
1399032002,0,0,0
1399035601,0,0,0
1399039201,0,0,0
1399042801,0,0,0
1399046401,0,0,0
1399050001,0,0,0
1399053601,0,0,0
1399057201,0,0,0
1399060802,0,0,0
1399064401,0,0,0
1399068001,0,0,0
1399071601,0,0,0
1399075201,0,0,0
1399078801,0,0,0
1399082401,0,0,0
1399086001,0,0,0
1399089602,0,0,0
1399093202,0,0,0
1399096801,0,0,0
1399100401,0,0,0
1399104002,0,0,0
1399107601,0,0,0
1399111201,0,0,0
1399114801,0,0,0
1399118401,0,0,0
1399122001,0,0,0
1399125602,0,0,0
1399129201,0,0,0
1399132801,0,0,0
1399136401,0,0,0
1399140001,0,0,0
1399143601,0,0,0
1399147202,0,0,0
1399150801,0,0,0
1399154402,0,0,0
1399158001,0,0,0
1399161601,0,0,0
1399165201,0,0,0
1399168801,0,0,0
1399172401,0,0,0
1399176002,0,0,0
1399179601,0,0,0
1399183201,0,0,0
1399186801,0,0,0
1399190401,0,0,0
1399194001,0,0,0
1399197601,0,0,0
1399201201,0,0,0
1399204801,0,0,0
1399208401,0,0,0
1399212001,0,0,0
1399215601,0,0,0
1399219201,0,18256,1
1399222802,0,0,0
1399226401,0,0,0
1399230001,0,0,0
1399233602,0,0,0
1399237201,0,0,0
1399240801,0,0,0
1399244402,0,0,0
1399248001,0,0,0
1399251601,0,0,0
1399255201,0,0,0
1399258801,0,0,0
1399262401,0,0,0
1399266001,0,0,0
1399269601,0,0,0
1399273201,0,0,0
1399276801,0,0,0
1399280401,0,0,0
1399284001,0,0,0
1399287601,0,0,0
1399291202,0,0,0
1399294801,0,0,0
1399298401,0,0,0
1399302001,0,0,0
1399305601,0,0,0
1399309201,0,0,0
1399312802,0,0,0
1399316402,0,0,0
1399320001,0,0,0
1399323601,0,0,0
1399327201,0,0,0
1399330802,0,0,0
1399334401,0,0,0
1399338001,0,0,0
1399341601,0,0,0
1399345201,0,0,0
1399348802,0,0,0
1399352401,0,0,0
1399356001,0,0,0
1399359601,0,0,0
1399363202,0,0,0
1399366801,0,0,0
1399370402,0,0,0
1399374002,0,0,0
1399377601,0,0,0
1399381201,0,0,0
1399384802,0,0,0
1399388401,0,0,0
1399392001,0,0,0
1399395601,0,0,0
1399399202,0,0,0
1399402801,0.03,18256,1
1399406402,0,0,0
1399410001,0,0,0
1399413601,0,0,0
1399417201,0,0,0
1399420801,0,0,0
1399424401,0,0,0
1399428002,0,0,0
1399431602,0,0,0
1399435202,0,0,0
1399438802,0,0,0
1399442401,0,0,0
1399446001,0,0,0
1399449601,0,0,0
1399453201,0.01,18256,1
1399456801,0,0,0
1399460402,0,0,0
1399464001,0.02,18256,1
1399467601,0,0,0
1399471202,0,0,0
1399474802,0,0,0
1399478402,0,0,0
1399482002,0,0,0
1399485601,0,0,0
1399489201,0,0,0
1399492802,0,0,0
1399496401,0,0,0
1399500001,0,0,0
1399503601,0,0,0
1399507201,0,0,0
1399510801,0,0,0
1399514401,0,0,0
1399518001,0,0,0
1399521601,0,0,0
1399525201,0,0,0
1399528801,0,0,0
1399532402,0,0,0
1399536001,0,0,0
1399539602,0,0,0
1399543201,0,0,0
1399546802,0,0,0
1399550401,0,0,0
1399554001,0,0,0
1399557601,1.72,1018526,46
1399561201,0,0,0
1399564802,0,0,0
1399568401,0,0,0
1399572002,0,0,0
1399575602,0.02,18256,1
1399579202,0,0,0
1399582801,0,0,0
1399586401,0,0,0
1399590001,0,0,0
1399593601,0,0,0
1399597201,0,0,0
1399600802,0,0,0
1399604401,0,0,0
1399608001,0,0,0
1399611601,0,0,0
1399615201,0,0,0
1399618801,0,0,0
1399622401,0,0,0
1399626001,0,0,0
1399629601,0,0,0
1399633202,0,0,0
1399636802,0,0,0
1399640401,0,0,0
1399644002,0,0,0
1399647601,0.56,180022,15
1399651201,0,0,0
1399654801,0,0,0
1399658401,0,0,0
1399662001,0,0,0
1399665601,0,0,0
1399669201,0,0,0
1399672801,0,0,0
1399676401,0,0,0
1399680001,0,0,0
1399683601,0,0,0
1399687201,0,0,0
1399690801,0,0,0
1399694401,0,0,0
1399698001,0,0,0
1399701601,0,0,0
1399705201,0,0,0
1399708801,0,0,0
1399712402,0,0,0
1399716001,0,0,0
1399719601,0,0,0
1399723201,0,0,0
1399726801,0,0,0
1399730402,0.01,18256,1
1399734001,0,0,0
1399737601,0,0,0
1399741202,0.01,18256,1
1399744801,0,0,0
1399748401,0,0,0
1399752001,0,0,0
1399755602,0,0,0
1399759201,0,0,0
1399762801,0,0,0
1399766401,0,0,0
1399770001,0,0,0
1399773602,0,0,0
1399777201,0,0,0
1399780801,0,0,0
1399784401,0.02,18256,1
1399788001,0,0,0
1399791602,0,0,0
1399795202,0,0,0
1399798801,0,0,0
1399802401,0,0,0
1399806001,0,0,0
1399809601,0,0,0
1399813201,0,0,0
1399816801,0,0,0
1399820402,0,0,0
1399824002,0,0,0
1399827601,0,0,0
1399831201,0,0,0
1399834801,0,0,0
1399838401,0,0,0
1399842002,0,0,0
1399845601,0,0,0
1399849202,0,0,0
1399852801,0,0,0
1399856402,0,0,0
1399860001,0,0,0
1399863601,0,0,0
1399867201,0,0,0
1399870801,0,0,0
1399874401,0,0,0
1399878001,0.01,18256,1
1399881601,0,0,0
1399885201,0,0,0
1399888801,0,0,0
1399892402,0,0,0
1399896001,0,0,0
1399899602,0,0,0
1399903201,0.58,175936,15
1399906801,0,0,0
1399910401,0,0,0
1399914001,0,0,0
1399917601,0.01,18256,1
1399921201,0,0,0
1399924801,0,0,0
1399928401,0,0,0
1399932002,0,0,0
1399935601,0,0,0
1399939201,0,0,0
1399942801,0,0,0
1399946401,0,0,0
1399950001,0,0,0
1399953601,0,0,0
1399957202,0,0,0
1399960802,0,0,0
1399964401,0,0,0
1399968001,0,0,0
1399971601,0,0,0
1399975201,0,0,0
1399978802,0.03,18224,1
1399982401,0,0,0
1399986002,0,0,0
1399989602,0.58,68544,5
1399993201,0,0,0
1399996801,0,0,0
1400000401,0,0,0
1400004001,0,0,0
1400007602,0,0,0
1400011202,0,0,0
1400014802,0,0,0
1400018402,0.01,18224,1
1400022001,0,0,0
1400025601,0,0,0
1400029201,0,0,0
1400032802,0,0,0
1400036402,0,0,0
1400040002,0,0,0
1400043602,0,0,0
1400047201,0,0,0
1400050802,0,0,0
1400054401,0,0,0
1400058001,0,0,0
1400061601,0,0,0
1400065202,0,0,0
1400068802,0,0,0
1400072402,0,0,0
1400076001,0,0,0
1400079601,0,0,0
1400083201,0,0,0
1400086801,0,0,0
1400090401,0,0,0
1400094002,0,0,0
1400097602,0,0,0
1400101201,0,0,0
1400104802,0,0,0
1400108402,0,0,0
1400112002,0,0,0
1400115601,0,0,0
1400119202,0,0,0
1400122802,0,0,0
1400126401,0,0,0
1400130001,0,0,0
1400133601,0,0,0
1400137202,0,0,0
1400140801,0,0,0
1400144401,0,0,0
1400148001,0,0,0
1400151601,0,0,0
1400155201,0,0,0
1400158801,0,0,0
1400162402,0,0,0
1400166002,0,0,0
1400169601,0.02,18240,1
1400173201,0,0,0
1400176802,0,0,0
1400180401,0,0,0
1400184002,0,0,0
1400187602,0,0,0
1400191202,0,0,0
1400194801,0,0,0
1400198402,0,0,0
1400202002,0,0,0
1400205601,0,0,0
1400209201,0,0,0
1400212801,0,0,0
1400216401,0,0,0
1400220001,0,0,0
1400223601,0,0,0
1400227202,0,0,0
1400230801,0,0,0
1400234401,0,0,0
1400238001,0,0,0
1400241601,0,0,0
1400245202,0,0,0
1400248802,0.02,36480,2
1400252401,0,0,0
1400256001,0,0,0
1400259602,0,0,0
1400263201,0,0,0
1400266801,0,0,0
1400270401,0,0,0
1400274001,0,0,0
1400277602,0,0,0
1400281202,0,0,0
1400284801,0,0,0
1400288401,0,0,0
1400292001,0,0,0
1400295602,0,0,0
1400299201,0,0,0
1400302801,0,0,0
1400306402,0,0,0
1400310001,0,0,0
1400313602,0,0,0
1400317201,0,0,0
1400320801,0,0,0
1400324401,0,0,0
1400328001,0,0,0
1400331601,0,0,0
1400335202,0,0,0
1400338801,0,0,0
1400342401,0,0,0
1400346001,0,0,0
1400349601,0,0,0
1400353202,0,0,0
1400356801,0,0,0
1400360401,0,0,0
1400364001,0,0,0
1400367601,0,0,0
1400371201,0,0,0
1400374802,0,0,0
1400378401,0,0,0
1400382001,0,0,0
1400385602,0,0,0
1400389201,0,0,0
1400392801,0,0,0
1400396402,0,0,0
1400400002,0,0,0
1400403602,0,0,0
1400407201,0,0,0
1400410801,0,0,0
1400414401,0,0,0
1400418001,0,0,0
1400421601,0,0,0
1400425202,0,0,0
1400428802,0,0,0
1400432401,0,0,0
1400436001,0,0,0
1400439601,0,0,0
1400443201,0,0,0
1400446801,0,0,0
1400450402,0,0,0
1400454001,0,0,0
1400457602,0,0,0
1400461201,0,0,0
1400464802,0,0,0
1400468401,0,0,0
1400472002,0,0,0
1400475602,0,0,0
1400479202,0,0,0
1400482802,0,0,0
1400486401,0,0,0
1400490001,0,0,0
1400493601,0,0,0
1400497201,0,0,0
1400500801,0,0,0
1400504402,0,0,0
1400508001,0,0,0
1400511602,0.59,173450,15
1400515201,0,0,0
1400518801,0,0,0
1400522401,0,0,0
1400526001,0,0,0
1400529601,0,0,0
1400533201,0,0,0
1400536801,0,0,0
1400540402,0,0,0
1400544002,0,0,0
1400547601,0,0,0
1400551202,0,0,0
1400554802,0,0,0
1400558401,0,0,0
1400562001,0,0,0
1400565601,0,0,0
1400569201,0,0,0
1400572802,0,0,0
1400576401,0,0,0
1400580001,0.01,18240,1
1400583601,0,0,0
1400587202,0,0,0
1400590802,0,0,0
1400594401,0,0,0
1400598001,0,0,0
1400601602,0,0,0
1400605202,0,0,0
1400608801,0.02,18240,1
1400612402,0.01,18240,1
1400616001,0,0,0
1400619601,0,0,0
1400623201,0,0,0
1400626801,0,0,0
1400630401,0.02,18240,1
1400634001,0,0,0
1400637602,0,0,0
1400641201,0,0,0
1400644802,0,0,0
1400648401,0,0,0
1400652001,0,0,0
1400655602,0,0,0
1400659201,0,0,0
1400662802,0,0,0
1400666402,0,0,0
1400670001,0,0,0
1400673602,0,0,0
1400677201,0,0,0
1400680802,0,0,0
1400684402,0,0,0
1400688001,0,0,0
1400691601,0,0,0
1400695202,0,0,0
1400698802,0,0,0
1400702402,0,0,0
1400706001,0,0,0
1400709601,0,0,0
1400713202,0,0,0
1400716802,0,0,0
1400720401,0,0,0
1400724001,0,0,0
1400727601,0,0,0
1400731202,0,0,0
1400734801,0,0,0
1400738402,0,0,0
1400742001,0,0,0
1400745601,0,0,0
1400749201,0,0,0
1400752802,0.01,18240,1
1400756401,0,0,0
1400760001,0,0,0
1400763602,0,0,0
1400767201,0,0,0
1400770802,0,0,0
1400774402,0,0,0
1400778001,0,0,0
1400781602,0,0,0
1400785202,0,0,0
1400788801,0,0,0
1400792401,0,0,0
1400796001,0,0,0
1400799602,0,0,0
1400803202,0,0,0
1400806801,0,0,0
1400810402,0,0,0
1400814001,0,0,0
1400817602,0,0,0
1400821201,0,0,0
1400824801,0,0,0
1400828402,0,0,0
1400832001,0,0,0
1400835602,0,0,0
1400839201,0,0,0
1400842801,0,0,0
1400846401,0,0,0
1400850002,0,0,0
1400853602,0,0,0
1400857202,0,0,0
1400860802,0,0,0
1400864402,0,0,0
1400868002,0,0,0
1400871601,0,0,0
1400875201,0,0,0
1400878801,0,0,0
1400882402,0,0,0
1400886002,0,0,0
1400889602,0,0,0
1400893201,0,0,0
1400896801,0,0,0
1400900402,0,0,0
1400904001,0,0,0
1400907601,0,0,0
1400911201,0,0,0
1400914801,0,0,0
1400918402,0,0,0
1400922002,0.01,18240,1
1400925601,0,0,0
1400929201,0,0,0
1400932802,0,0,0
1400936401,0,0,0
1400940002,0.46,175228,15
1400943602,0,0,0
1400947201,0,0,0
1400950801,0,0,0
1400954401,0,0,0
1400958001,0,0,0
1400961602,0,0,0
1400965201,0,0,0
1400968802,0,0,0
1400972402,0,0,0
1400976001,0,0,0
1400979601,0,0,0
1400983202,0,0,0
1400986801,0,0,0
1400990401,0,0,0
1400994002,0,0,0
1400997602,0,0,0
1401001202,0,0,0
1401004801,0,0,0
1401008402,0,0,0
1401012002,0,0,0
1401015601,0,0,0
1401019202,0,0,0
1401022802,0,0,0
1401026401,0,0,0
1401030002,0,0,0
1401033602,0,0,0
1401037201,0,0,0
1401040801,0,0,0
1401044401,0,0,0
1401048002,0,0,0
1401051601,0,0,0
1401055202,0,0,0
1401058801,0,0,0
1401062401,0,0,0
1401066002,0,0,0
1401069602,0,0,0
1401073201,0,0,0
1401076801,0,0,0
1401080402,0,0,0
1401084001,0,0,0
1401087601,0,0,0
1401091201,0,0,0
1401094801,0,0,0
1401098401,0,0,0
1401102001,0,0,0
1401105602,0,0,0
1401109201,0,0,0
1401112802,0.49,174536,15
1401116401,0,0,0
1401120002,0,0,0
1401123601,0,0,0
1401127201,0,0,0
1401130801,0,0,0
1401134402,0,0,0
1401138001,0,0,0
1401141602,0.01,18240,1
1401145201,0,0,0
1401148801,0,0,0
1401152401,0,0,0
1401156002,0,0,0
1401159601,0,0,0
1401163201,0,0,0
1401166801,0,0,0
1401170402,0,0,0
1401174002,0,0,0
1401177602,0,0,0
1401181201,0,0,0
1401184802,0,0,0
1401188401,0,0,0
1401192002,0,0,0
1401195602,0,0,0
1401199202,0,0,0
1401202801,0.01,18240,1
1401206402,0,0,0
1401210002,0,0,0
1401213602,0,0,0
1401217202,0,0,0
1401220802,0,0,0
1401224402,0,0,0
1401228001,0,0,0
1401231601,0,0,0
1401235201,0,0,0
1401238801,0,0,0
1401242402,0,0,0
1401246001,0.01,18240,1
1401249601,0,0,0
1401253202,0,0,0
1401256801,0,0,0
1401260401,0,0,0
1401264002,0,0,0
1401267602,0,0,0
1401271202,0,0,0
1401274802,0,0,0
1401278401,0,0,0
1401282002,0,0,0
1401285602,0,0,0
1401289202,0,0,0
1401292801,0,0,0
1401296401,0,0,0
1401300002,0,0,0
1401303602,0,0,0
1401307201,0,0,0
1401310801,0,0,0
1401314401,0,0,0
1401318002,0,0,0
1401321601,0,0,0
1401325202,0.01,18224,1
1401328802,0,0,0
1401332402,0,0,0
1401336001,0,0,0
1401339601,0,0,0
1401343201,0,0,0
1401346801,0,0,0
1401350401,0,0,0
1401354002,0,0,0
1401357601,0,0,0
1401361201,0,0,0
1401364802,0,0,0
1401368402,0,0,0
1401372002,0,0,0
1401375601,0,0,0
1401379202,0,0,0
1401382802,0,0,0
1401386402,0,0,0
1401390001,0,0,0
1401393602,0,0,0
1401397201,0,0,0
1401400801,0,0,0
1401404401,0,0,0
1401408001,0,0,0
1401411602,0,0,0
1401415201,0,0,0
1401418802,0,0,0
1401422402,0,0,0
1401426001,0,0,0
1401429601,0,0,0
1401433202,0,0,0
1401436802,0,0,0
1401440401,0,0,0
1401444002,0,0,0
1401447601,0,0,0
1401451201,0,0,0
1401454802,0,0,0
1401458402,0,0,0
1401462002,0.64,173046,15
1401465602,0,0,0
1401469202,0,0,0
1401472801,0,0,0
1401476401,0,0,0
1401480001,0,0,0
1401483602,0,0,0
1401487202,0.01,18224,1
1401490801,0,0,0
1401494401,0,0,0
1401498002,0,0,0
1401501602,0,0,0
1401505202,0,0,0
1401508801,0,0,0
1401512402,0,0,0
1401516001,0,18224,1
1401519601,0,0,0
1401523201,0,0,0
1401526801,0.01,18224,1
1401530402,0,0,0
1401534002,0,0,0
1401537601,0,0,0
1401541202,0,0,0
1401544802,0,0,0
1401548401,0,0,0
1401552001,0,0,0
1401555601,0,0,0
1401559201,0,0,0
1401562802,0,0,0
1401566402,0,0,0
1401570001,0,0,0
1401573602,0,0,0
1401577201,0,0,0
1401580802,0,0,0
1401584402,0,0,0
1401588002,0,0,0
1401591601,0,0,0
1401595202,0,0,0
1401598801,0,0,0
1401602401,0,0,0
1401606002,0,0,0
1401609602,0,0,0
1401613202,0,0,0
1401616801,0,0,0
1401620401,0,0,0
1401624002,0,0,0
1401627601,0,0,0
1401631201,0,0,0
1401638401,0,0,0
1401642001,0,0,0
1401645601,0,0,0
1401649201,0,0,0
1401652802,0,0,0
1401656401,0,0,0
1401660001,0,0,0
1401663601,0,0,0
1401667202,0,0,0
1401670801,0,0,0
1401674401,0,0,0
1401678001,0,0,0
1401681602,0,0,0
1401685201,0,0,0
1401688801,0,0,0
1401692402,0,0,0
1401696001,0,0,0
1401699602,0,0,0
1401703201,0,0,0
1401706801,0,0,0
1401710401,0,0,0
1401714001,0,0,0
1401717602,0,0,0
1401721201,0,0,0
1401724801,0,0,0
1401728401,0,0,0
1401732001,0,0,0
1401735601,0,0,0
1401739202,0,0,0
1401742801,0,0,0
1401746401,0,0,0
1401750001,0,0,0
1401753601,0,0,0
1401757201,0,0,0
1401760801,0,0,0
1401764401,0,0,0
1401768001,0,0,0
1401771602,0,0,0
1401775201,0,18272,1
1401778801,0,0,0
1401782402,0,0,0
1401786001,0,0,0
1401789602,0,0,0
1401793201,0,0,0
1401796801,0,0,0
1401800401,0,0,0
1401804001,0,0,0
1401807601,0,0,0
1401811201,0,0,0
1401814801,0,0,0
1401818401,0,0,0
1401822001,0,0,0
1401825601,0,0,0
1401829201,0,0,0
1401832801,0,0,0
1401836401,0,0,0
1401840001,0,0,0
1401843601,0,0,0
1401847201,0,0,0
1401850801,0,0,0
1401854401,0,0,0
1401858002,0,0,0
1401861601,0,0,0
1401865201,0,0,0
1401868802,0,0,0
1401872401,0,0,0
1401876001,0,0,0
1401879601,0,0,0
1401883202,0,0,0
1401886801,0,0,0
1401890401,0,0,0
1401894001,0,0,0
1401897601,0,0,0
1401901201,0.01,18272,1
1401904801,0,0,0
1401908401,0,0,0
1401912001,0,0,0
1401915601,0,0,0
1401919202,0,0,0
1401922802,0,0,0
1401926402,0,0,0
1401930002,0,0,0
1401933601,0,0,0
1401937201,0,0,0
1401940801,0,0,0
1401944402,0,0,0
1401948001,0,0,0
1401951601,0,0,0
1401955201,0,0,0
1401958801,0,0,0
1401962401,0,0,0
1401966001,0,0,0
1401969602,0,0,0
1401973201,0,0,0
1401976801,0,0,0
1401980401,0.5,173072,15
1401984001,0,0,0
1401987601,0,0,0
1401991202,0,0,0
1401994802,0,0,0
1401998401,0,0,0
1402002001,0,0,0
1402005601,0,0,0
1402009201,0,0,0
1402012801,0,0,0
1402016402,0,0,0
1402020001,0.02,18272,1
1402023601,0,0,0
1402027201,0,0,0
1402030801,0,0,0
1402034401,0,0,0
1402038001,0,0,0
1402041601,0,0,0
1402045201,0,0,0
1402052402,0,0,0
1402056001,0,0,0
1402059601,0,0,0
1402063201,0,0,0
1402066801,0,0,0
1402070402,0,0,0
1402074001,0,0,0
1402077602,0,0,0
1402081201,0,0,0
1402084802,0,0,0
1402088401,0,0,0
1402092002,0,0,0
1402095601,0,0,0
1402099201,0,0,0
1402102801,0,0,0
1402106402,0,0,0
1402110001,0,0,0
1402113601,0,0,0
1402117202,0,0,0
1402120801,0,0,0
1402124401,0,0,0
1402128002,0,0,0
1402131601,0,0,0
1402135202,0,0,0
1402138801,0,0,0
1402142401,0,0,0
1402146002,0,0,0
1402149601,0,0,0
1402153201,0.53,173954,15
1402156801,0,0,0
1402160401,0,0,0
1402164001,0,0,0
1402167601,0,0,0
1402171201,0,0,0
1402174802,0,0,0
1402178401,0,0,0
1402182002,0,0,0
1402185601,0,0,0
1402189201,0,0,0
1402192802,0,0,0
1402196401,0,0,0
1402200001,0,0,0
1402203602,0,0,0
1402207201,0,0,0
1402210802,0,0,0
1402214401,0,0,0
1402218001,0,0,0
1402221601,0,0,0
1402225201,0,0,0
1402228801,0,0,0
1402232402,0,0,0
1402236001,0,0,0
1402239601,0,0,0
1402243201,0,0,0
1402246801,0,0,0
1402250401,0,0,0
1402254001,0,0,0
1402257601,0,0,0
1402261202,0,0,0
1402264801,0,0,0
1402268401,0.01,18272,1
1402272002,0,0,0
1402275601,0,0,0
1402279202,0,0,0
1402282801,0,0,0
1402286402,0,0,0
1402290002,0,0,0
1402293601,0,0,0
1402297201,0,0,0
1402300801,0,0,0
1402304401,0,0,0
1402308001,0,0,0
1402311602,0.01,18272,1
1402315201,0,0,0
1402318801,0,0,0
1402322401,0,0,0
1402326001,0,0,0
1402329602,0,0,0
1402333201,0,0,0
1402336801,0,0,0
1402340401,0,0,0
1402344002,0,0,0
1402347601,0,0,0
1402351201,0,0,0
1402354801,0,0,0
1402358401,0,0,0
1402362001,0,0,0
1402365602,0,0,0
1402369202,0,0,0
1402372801,0,0,0
1402376402,0,0,0
1402380001,0,0,0
1402383602,0,0,0
1402387201,0,0,0
1402390801,0.01,18272,1
1402394401,0,0,0
1402398001,0,0,0
1402401601,0,0,0
1402405202,0,0,0
1402408801,0,0,0
1402412401,0,0,0
1402416002,0,0,0
1402419601,0,0,0
1402423201,0,0,0
1402426801,0,0,0
1402430402,0,0,0
1402434002,0,0,0
1402437601,0,0,0
1402441201,0,0,0
1402444801,0,0,0
1402448401,0,0,0
1402452001,0,0,0
1402455601,0,0,0
1402459202,0,0,0
1402462801,0,0,0
1402466401,0,0,0
1402470002,0,0,0
1402473601,0,0,0
1402477201,0,0,0
1402480802,0,0,0
1402484401,0,0,0
1402488001,0,0,0
1402491601,0.01,18272,1
1402495202,0,0,0
1402498801,0,0,0
1402502626,0,0,0
1402509601,0,0,0
1402513202,0,0,0
1402516802,0,0,0
1402520401,0,0,0
1402524001,0,0,0
1402527601,0,0,0
1402531201,0,0,0
1402534801,0,0,0
1402538401,0,0,0
1402542001,0,0,0
1402545602,0,0,0
1402549201,0,0,0
1402552801,0,0,0
1402556401,0,0,0
1402560001,0,0,0
1402563601,0,0,0
1402567201,0,0,0
1402570801,0,0,0
1402574401,0,0,0
1402578001,0,0,0
1402581601,0,0,0
1402585201,0,0,0
1402588801,0,0,0
1402592401,0,0,0
1402596001,0,0,0
1402599681,0,0,0
1402603201,0,0,0
1402606801,0,0,0
1402610401,0,0,0
1402614001,0,0,0
1402617602,0,0,0
1402621201,0,0,0
1402624802,0,0,0
1402632001,0,0,0
1402639201,0,0,0
1402642801,0,0,0
1402646402,0,0,0
1402650002,0,0,0
1402653601,0,0,0
1402660802,0,0,0
1402664401,0,0,0
1402668001,0,0,0
1402671601,0,0,0
1402675201,0,0,0
1402678801,0,0,0
1402682402,0,0,0
1402686001,0,0,0
1402689602,0,0,0
1402693201,0,0,0
1402696801,0,0,0
1402700401,0,0,0
1402704002,0,0,0
1402707601,0,0,0
1402711201,0,0,0
1402714801,0,0,0
1402718401,0,0,0
1402722002,0,0,0
1402725601,0,0,0
1402729201,0,0,0
1402732801,0,0,0
1402736402,0,0,0
1402740001,0,0,0
1402743601,0,0,0
1402747202,0,0,0
1402750801,0,0,0
1402754402,0,0,0
1402758001,0,0,0
1402761601,0.01,18272,1
1402765201,0,0,0
1402768801,0,0,0
1402772401,0,0,0
1402776001,0,0,0
1402779601,0.03,18272,1
1402783201,0,0,0
1402786801,0,0,0
1402790401,0,0,0
1402794002,0,0,0
1402797601,0,0,0
1402801201,0,0,0
1402804801,0,0,0
1402808401,0,0,0
1402812001,0,0,0
1402815601,0,0,0
1402819202,0,0,0
1402822801,0,0,0
1402826402,0,0,0
1402830001,0,0,0
1402833601,0,0,0
1402837201,0,0,0
1402840801,0,0,0
1402844402,0,0,0
1402848001,0,0,0
1402851601,0,0,0
1402855202,0,0,0
1402858801,0,0,0
1402862402,0,0,0
1402866001,0,0,0
1402869601,0,0,0
1402873201,0,0,0
1402876801,0,0,0
1402880401,0,0,0
1402884001,0,0,0
1402887601,0,0,0
1402891201,0,0,0
1402894801,0,0,0
1402898401,0,0,0
1402902001,0,0,0
1402905601,0,0,0
1402909202,0,0,0
1402912801,0,0,0
1402916402,0,0,0
1402920001,0,0,0
1402923601,0,0,0
1402927201,0,0,0
1402930801,0,0,0
1402934401,0,0,0
1402938002,0,0,0
1402941601,0,0,0
1402945202,0,0,0
1402948801,0,0,0
1402952401,0,0,0
1402956001,0,0,0
1402959601,0,0,0
1402963202,0,0,0
1402966801,0,0,0
1402970402,0.02,18272,1
1402974001,0,0,0
1402977601,0,0,0
1402981201,0,0,0
1402984801,0,0,0
1402988401,0,0,0
1402992001,0,0,0
1402995601,0,0,0
1402999201,0,0,0
1403002801,0,0,0
1403006402,0,0,0
1403010001,0,0,0
1403013601,0,0,0
1403017201,0.56,174048,15
1403020802,0,0,0
1403024402,0,0,0
1403028002,0,0,0
1403031602,0,0,0
1403035202,0,0,0
1403038801,0,0,0
1403042402,0,0,0
1403046001,0,0,0
1403049601,0,0,0
1403053201,0,0,0
1403056801,0,0,0
1403060401,0,0,0
1403064001,0,0,0
1403067601,0,0,0
1403071202,0,0,0
1403074801,0,0,0
1403078401,0,0,0
1403082001,0,0,0
1403085601,0,0,0
1403089201,0,0,0
1403092801,0,0,0
1403096401,0,0,0
1403100001,0,0,0
1403103602,0.02,18272,1
1403107202,0,0,0
1403110801,0,0,0
1403114401,0.01,18272,1
1403118001,0,0,0
1403121601,0,0,0
1403125201,0,0,0
1403128801,0,0,0
1403132401,0,0,0
1403136001,0,0,0
1403139601,0,0,0
1403143201,0,0,0
1403146802,0,0,0
1403150402,0,0,0
1403154001,0,0,0
1403157601,0,0,0
1403161201,0,0,0
1403164801,0,0,0
1403168401,0,0,0
1403172001,0.01,18272,1
1403175601,0,0,0
1403179201,0.02,18272,1
1403182801,0,0,0
1403186401,0,18272,1
1403190001,0.52,172614,15
1403193601,0,0,0
1403197201,0,0,0
1403200802,0,0,0
1403204402,0,0,0
1403208002,0,0,0
1403211601,0,0,0
1403215201,0,0,0
1403218801,0,0,0
1403222402,0,0,0
1403226001,0,0,0
1403229601,0,0,0
1403233201,0,0,0
1403236801,0,0,0
1403240401,0,0,0
1403244002,0,0,0
1403247602,0,0,0
1403251201,0,0,0
1403254801,0,0,0
1403258401,0,0,0
1403262001,0,0,0
1403265601,0,0,0
1403269201,0,0,0
1403272801,0,0,0
1403276402,0.49,172838,15
1403280001,0,0,0
1403283602,0,0,0
1403287201,0,0,0
1403290802,0,0,0
1403294401,0,0,0
1403298002,0,0,0
1403301601,0,0,0
1403305202,0,0,0
1403308801,0,0,0
1403312401,0,0,0
1403316001,1.07,38856,4
1403319602,0,0,0
1403323201,0,0,0
1403326802,0,0,0
1403330402,0,0,0
1403334001,0,0,0
1403337601,0,0,0
1403341201,0,0,0
1403344801,0,0,0
1403348401,0,0,0
1403352001,0,0,0
1403355601,0,0,0
1403359201,0,0,0
1403362801,0.64,172886,15
1403366402,0,0,0
1403370001,0,0,0
1403373601,0,0,0
1403377201,0,0,0
1403380801,0,0,0
1403384401,0,0,0
1403388001,0,0,0
1403391602,0,0,0
1403395201,0,0,0
1403398802,0,0,0
1403402401,0,0,0
1403406002,0,0,0
1403409601,0,0,0
1403413201,0,0,0
1403416801,0,0,0
1403420401,0,0,0
1403424001,0,0,0
1403427601,0,0,0
1403431201,0,0,0
1403434801,0,0,0
1403438401,0,0,0
1403442002,0,0,0
1403445601,0,0,0
1403449201,0,0,0
1403452801,0,0,0
1403456402,0,0,0
1403460002,0,0,0
1403463601,0,0,0
1403467202,0,0,0
1403470802,0,0,0
1403474401,0,0,0
1403478001,0,0,0
1403481601,0,0,0
1403485201,0,0,0
1403488801,0,0,0
1403492401,0,0,0
1403496001,0,0,0
1403499602,0,0,0
1403503201,0,0,0
1403506801,0,0,0
1403510402,0,0,0
1403514001,0,0,0
1403517601,0,0,0
1403521202,0,0,0
1403524801,0,0,0
1403528402,0,0,0
1403532001,0,18288,1
1403535601,0,0,0
1403539202,0,0,0
1403542801,0,0,0
1403546401,0,18288,1
1403550001,0,0,0
1403553602,0,0,0
1403557201,0,0,0
1403560802,0,0,0
1403564401,0,0,0
1403568001,0,0,0
1403571601,0,0,0
1403575201,0,0,0
1403578801,0,0,0
1403582401,0,0,0
1403586001,0,0,0
1403589601,0,0,0
1403593201,0,0,0
1403596802,0,0,0
1403600401,0,0,0
1403604002,0,0,0
1403607601,1.02,38856,4
1403611201,0,18288,1
1403614801,0,0,0
1403618401,0,0,0
1403622001,0.54,68654,5
1403625601,0,0,0
1403629202,0,0,0
1403632801,0,0,0
1403636401,0,0,0
1403640001,0,0,0
1403643601,0,0,0
1403647201,0,0,0
1403650801,0,0,0
1403654401,0,0,0
1403658001,0,0,0
1403661601,0,0,0
1403665201,0,0,0
1403668801,0,0,0
1403672401,0,0,0
1403676002,0,0,0
1403679601,0,0,0
1403683202,0,0,0
1403686801,0,0,0
1403690401,0,0,0
1403694001,0,0,0
1403697601,0,0,0
1403701201,0,0,0
1403704801,0,0,0
1403708401,0,0,0
1403712001,0,0,0
1403715601,0,0,0
1403719201,0,0,0
1403722801,0,0,0
1403726401,0,0,0
1403730001,0.01,18352,1
1403733601,0,0,0
1403737201,0,0,0
1403740801,0,0,0
1403744402,0,0,0
1403748001,0,0,0
1403751601,0,0,0
1403755202,0,0,0
1403758801,0,0,0
1403762402,0,0,0
1403766001,0,0,0
1403769602,0.47,37912,3
1403773201,0,0,0
1403776801,0,0,0
1403780401,0,0,0
1403784001,0,0,0
1403787601,0,0,0
1403791202,0,0,0
1403794801,0.54,176672,15
1403798401,0,0,0
1403802001,0,0,0
1403805601,0,0,0
1403809202,0,0,0
1403812801,0,0,0
1403816401,0,0,0
1403820001,0,0,0
1403823601,0,0,0
1403827202,0,0,0
1403830801,0,0,0
1403834401,0,0,0
1403838001,0,0,0
1403841601,0,0,0
1403845202,0,0,0
1403848801,0,0,0
1403852401,0,0,0
1403856002,0,0,0
1403859602,0,0,0
1403863202,0,0,0
1403866801,0,0,0
1403870401,0,0,0
1403874001,0,0,0
1403877601,0,0,0
1403881201,0.46,68654,5
1403884801,0,0,0
1403888401,0,0,0
1403892002,0,0,0
1403895601,0,0,0
1403899201,0,0,0
1403902801,0,0,0
1403906401,0,0,0
1403910001,0,0,0
1403913601,0,0,0
1403917201,0,18352,1
1403920801,0,0,0
1403924401,0,0,0
1403928001,0,0,0
1403931601,0,0,0
1403935201,0,0,0
1403938801,0,0,0
1403942401,0,0,0
1403946001,0,0,0
1403949601,0,0,0
1403953201,0,0,0
1403956801,0,0,0
1403960401,0,0,0
1403964002,0,0,0
1403967601,0,0,0
1403971201,0,0,0
1403974801,0,0,0
1403978401,0,0,0
1403982001,0,0,0
1403985602,0,0,0
1403989201,0,0,0
1403992801,0,0,0
1403996401,0,0,0
1404000002,0,0,0
1404003601,0,0,0
1404007201,0,0,0
1404010801,0,0,0
1404014402,0,0,0
1404018001,0,0,0
1404021601,0,0,0
1404025202,0,0,0
1404028801,0,0,0
1404032401,0,0,0
1404036001,0,0,0
1404039601,0,0,0
1404043201,0,0,0
1404046801,0,0,0
1404050401,0,0,0
1404054001,0.45,172964,15
1404057601,0,0,0
1404061201,0,0,0
1404064801,0,0,0
1404068401,0,0,0
1404072001,0,0,0
1404075601,0,0,0
1404079201,0,0,0
1404082802,0,0,0
1404086401,0,0,0
1404090002,0.02,18352,1
1404093602,0,0,0
1404097201,0,0,0
1404100801,0,0,0
1404104401,0,0,0
1404108001,0,0,0
1404111601,0.03,18352,1
1404115202,0,0,0
1404118802,0,0,0
1404122401,0,0,0
1404126001,0,0,0
1404129601,0,0,0
1404133201,0,0,0
1404136801,0,0,0
1404140402,0.62,68622,5
1404144001,0,0,0
1404147601,0,0,0
1404151201,0,0,0
1404154801,0,0,0
1404158455,0,0,0
1404162124,0,0,0
1404165601,0,0,0
1404169201,0,0,0
1404172801,0,0,0
1404176401,0,0,0
1404180001,0,0,0
1404183601,0,0,0
1404187201,0,0,0
1404190801,0,0,0
1404194401,0,0,0
1404198001,0,0,0
1404201602,0,0,0
1404205201,0,0,0
1404208801,0,0,0
1404212401,0,0,0
1404216002,0,0,0
1404219601,0,0,0
1404223201,0,0,0
1404226801,0,0,0
1404230401,0,0,0
1404234001,0,0,0
1404237601,0,0,0
1404241202,0,0,0
1404244801,0,0,0
1404248402,0,0,0
1404252001,0,0,0
1404255601,0.51,69774,5
1404259202,0,0,0
1404262801,0,0,0
1404266401,0,0,0
1404270001,0,0,0
1404273601,0,0,0
1404277202,0,0,0
1404280802,0,0,0
1404284401,0,0,0
1404288001,0,0,0
1404291601,0,0,0
1404295201,0,0,0
1404298801,0,0,0
1404302402,0,0,0
1404306001,0.02,18352,1
1404309601,0,0,0
1404313202,0.56,69692,5
1404316801,0,0,0
1404320402,0,0,0
1404324002,0,0,0
1404327601,0,0,0
1404331201,0,0,0
1404334801,0,0,0
1404338401,0,0,0
1404342001,0,0,0
1404345601,0,0,0
1404349201,0,0,0
1404352801,0,0,0
1404356401,0,0,0
1404360001,0,0,0
1404363601,0,0,0
1404367201,0,0,0
1404370802,0,0,0
1404374401,0,0,0
1404378002,0,0,0
1404381601,0,0,0
1404385201,0,0,0
1404388801,0,0,0
1404392401,0,0,0
1404396001,0,0,0
1404399602,0,0,0
1404403201,0,0,0
1404406802,0.01,18352,1
1404410402,0,0,0
1404414002,0,0,0
1404417601,0,0,0
1404421201,0,0,0
1404424801,0,0,0
1404428401,0.55,174066,15
1404432001,0,0,0
1404435601,0,0,0
1404439201,0,0,0
1404442801,0,0,0
1404446401,0,0,0
1404450001,0,0,0
1404453601,0,0,0
1404457201,0,0,0
1404460802,0,0,0
1404464402,0,0,0
1404468002,0,0,0
1404471601,0,0,0
1404475202,0,0,0
1404478801,0,0,0
1404482401,0,0,0
1404486001,0,0,0
1404489602,0,0,0
1404493201,0,0,0
1404496801,0,0,0
1404500401,0,0,0
1404504001,0,0,0
1404507601,0,0,0
1404511201,0.47,69948,5
1404514802,0,0,0
1404518401,0,0,0
1404522001,0,0,0
1404525602,0,0,0
1404529201,0,0,0
1404532801,0,0,0
1404536401,0,0,0
1404540001,0,0,0
1404543601,0,0,0
1404547201,0,0,0
1404550801,0,0,0
1404554401,0.01,18352,1
1404558001,0,0,0
1404561601,0,0,0
1404565201,0,0,0
1404568801,0,0,0
1404572401,0,0,0
1404576002,0,0,0
1404579601,0,0,0
1404583201,0,0,0
1404586802,0,0,0
1404590401,0,0,0
1404594001,0,0,0
1404597601,0,0,0
1404601201,0,0,0
1404604801,0,0,0
1404608401,0,0,0
1404612001,0,0,0
1404615601,0,0,0
1404619201,0,0,0
1404622802,0,0,0
1404626402,0,0,0
1404630001,0,0,0
1404633601,0,0,0
1404637201,0,0,0
1404640801,0,0,0
1404644401,0,0,0
1404648001,0,0,0
1404651601,0,0,0
1404655201,0,0,0
1404658801,0.49,172946,15
1404662402,0,0,0
1404666001,0,0,0
1404669601,0,0,0
1404673201,0,0,0
1404676802,0,0,0
1404680402,0,0,0
1404684002,0,0,0
1404687601,0,0,0
1404691201,0,0,0
1404694801,0,0,0
1404698401,0,0,0
1404702001,0,0,0
1404705601,0,0,0
1404709201,0,0,0
1404712801,0,0,0
1404716401,0,0,0
1404720001,0,0,0
1404723601,0,0,0
1404727201,0,0,0
1404730801,0,0,0
1404734401,0,0,0
1404738002,0,0,0
1404741601,0,0,0
1404745201,0,0,0
1404748801,0,0,0
1404752401,0,0,0
1404756002,0,0,0
1404759601,0.01,18352,1
1404763201,0,0,0
1404766801,0,0,0
1404770401,0,0,0
1404774002,0.61,173092,15
1404777601,0,0,0
1404781202,0,0,0
1404784801,0,0,0
1404788402,0,0,0
1404792001,0,0,0
1404795602,0,0,0
1404799202,0,0,0
1404802801,0,0,0
1404806401,0,0,0
1404810002,0,0,0
1404813601,0,0,0
1404817202,0,0,0
1404820801,0,0,0
1404824402,0,0,0
1404828002,0,0,0
1404831602,0,0,0
1404835202,0,0,0
1404838802,0,0,0
1404842401,0,0,0
1404846002,0,0,0
1404849601,0,0,0
1404853201,0.01,18352,1
1404856801,0,0,0
1404860401,0.58,174260,15
1404864002,0,0,0
1404867602,0,0,0
1404871202,0,0,0
1404874801,0,0,0
1404878401,0,0,0
1404882001,0,0,0
1404885601,0,0,0
1404889201,0,0,0
1404892801,0,0,0
1404896401,0,0,0
1404900001,0,0,0
1404903601,0,0,0
1404907201,0,0,0
1404910801,0,0,0
1404914401,0,0,0
1404918001,0,0,0
1404921601,0,0,0
1404925201,0,0,0
1404928802,0,0,0
1404932401,0,0,0
1404936002,0,0,0
1404939602,0,0,0
1404943201,0,0,0
1404946801,0,0,0
1404950401,0.7,174212,15
1404954001,0,0,0
1404957601,0,0,0
1404961201,0,0,0
1404964801,0,0,0
1404968401,0,0,0
1404972001,0,0,0
1404975601,0,0,0
1404979201,0,0,0
1404982802,0.01,18352,1
1404986401,0,0,0
1404990001,0,0,0
1404993601,0,0,0
1404997201,0,0,0
1405000801,0,0,0
1405004401,0,0,0
1405008001,0,0,0
1405011602,0.01,18352,1
1405015201,0,0,0
1405018802,0,0,0
1405022402,0,0,0
1405026001,0,0,0
1405029601,0,0,0
1405033202,0,0,0
1405036801,0.59,194306,16
1405040401,0,0,0
1405044001,0,0,0
1405047602,0,0,0
1405051201,0,0,0
1405054801,0,0,0
1405058401,0,0,0
1405062001,0,0,0
1405065602,0,0,0
1405069201,0,0,0
1405072801,0,0,0
1405076401,0,0,0
1405080001,0,0,0
1405083601,0,0,0
1405087201,0,0,0
1405090801,0,0,0
1405094401,0,0,0
1405098001,0,0,0
1405101601,0,0,0
1405105201,0,0,0
1405108801,0,0,0
1405112401,0,0,0
1405116002,0,0,0
1405119601,0.56,173876,15
1405123201,0,0,0
1405126801,0,0,0
1405130401,0,0,0
1405134001,0,0,0
1405137601,0,0,0
1405141201,0,0,0
1405144801,0,0,0
1405148401,0,0,0
1405152001,0,0,0
1405155602,0,0,0
1405159202,0,0,0
1405162801,0,0,0
1405166401,0,0,0
1405170002,0,0,0
1405173601,0,0,0
1405177201,0,0,0
1405180801,0,0,0
1405184401,0,0,0
1405188001,0,18368,1
1405191602,0,0,0
1405195201,0,0,0
1405198801,0,0,0
1405202402,0,0,0
1405206001,0,0,0
1405209601,0,0,0
1405213201,0,0,0
1405216801,0,0,0
1405220401,0,0,0
1405224002,0,0,0
1405227601,0,0,0
1405231201,0,0,0
1405234801,0.02,18352,1
1405238402,0,0,0
1405242002,0,0,0
1405245602,0,0,0
1405249202,0,0,0
1405252802,0,0,0
1405256401,0,0,0
1405260001,0,0,0
1405263601,0,0,0
1405267202,0,0,0
1405270802,0,0,0
1405274401,0,0,0
1405278001,0,0,0
1405281601,0,0,0
1405285201,0,0,0
1405288801,0,0,0
1405292402,0.53,175746,15
1405296001,0,0,0
1405299601,0,0,0
1405303201,0,0,0
1405306801,0,0,0
1405310401,0,0,0
1405314001,0,0,0
1405317601,0,0,0
1405321201,0,0,0
1405324802,0,0,0
1405328402,0,0,0
1405332002,0,0,0
1405335601,0,0,0
1405339201,0,0,0
1405342801,0,0,0
1405346401,0,0,0
1405350001,0,0,0
1405353601,0,0,0
1405357201,0,0,0
1405360801,0,0,0
1405364401,0,0,0
1405368001,0,0,0
1405371602,0,0,0
1405375201,0,0,0
1405378801,0,0,0
1405382401,0,0,0
1405386002,0,0,0
1405389601,0,0,0
1405393201,0,0,0
1405396802,0,0,0
1405400402,0,0,0
1405404001,0,0,0
1405407601,0,0,0
1405411201,0,0,0
1405414802,0,0,0
1405418401,0,0,0
1405422001,0,0,0
1405425601,0,0,0
1405429202,0.01,18352,1
1405432801,0,0,0
1405436402,0,0,0
1405440001,0,0,0
1405443601,0,0,0
1405447201,0,0,0
1405450802,0,0,0
1405454402,0,0,0
1405458001,0,0,0
1405461601,0,0,0
1405465202,0,0,0
1405468801,0.46,68734,5
1405472401,0,0,0
1405476001,0,0,0
1405479601,0.02,18352,1
1405483201,0,0,0
1405486801,0,0,0
1405490402,0,0,0
1405494002,0,0,0
1405497602,0,0,0
1405501202,0,0,0
1405504801,0,0,0
1405508401,0,0,0
1405512002,0,0,0
1405515601,0,0,0
1405519202,0,0,0
1405522802,0,0,0
1405526402,0,0,0
1405530002,0,0,0
1405533602,0,0,0
1405537201,0,0,0
1405540801,0,0,0
1405544401,0,0,0
1405548001,0,0,0
1405551601,0,0,0
1405555201,0,0,0
1405558801,0,0,0
1405562402,0,0,0
1405566001,0,0,0
1405569601,0,0,0
1405573201,0,0,0
1405576801,0,0,0
1405580401,0,0,0
1405584001,0,0,0
1405587602,0,0,0
1405591201,0,0,0
1405594801,0,0,0
1405598401,0,0,0
1405602001,0,0,0
1405605601,0,0,0
1405609201,0.01,18352,1
1405612801,0,0,0
1405616401,0,0,0
1405620001,0,0,0
1405623601,0,0,0
1405627201,0,0,0
1405630802,0,0,0
1405634401,0,0,0
1405638001,0.57,174100,15
1405641602,0,0,0
1405645201,0,0,0
1405648801,0,0,0
1405652402,0,0,0
1405656001,0,0,0
1405659602,0,0,0
1405663201,0,0,0
1405666801,0,0,0
1405670401,0,0,0
1405674001,0,0,0
1405677601,0,0,0
1405681201,0,0,0
1405684801,0,0,0
1405688402,0,0,0
1405692002,0,0,0
1405695601,0,0,0
1405699201,0,0,0
1405702801,0,0,0
1405706402,0,0,0
1405710001,0,0,0
1405713601,0,0,0
1405717202,0,0,0
1405720802,0,0,0
1405724401,0,0,0
1405728001,0,0,0
1405731601,0,0,0
1405735201,0,0,0
1405738801,0,0,0
1405742401,0,0,0
1405746001,0,0,0
1405749602,0,0,0
1405753201,0,0,0
1405756802,0,0,0
1405760402,0,0,0
1405764001,0.01,18352,1
1405767601,0,0,0
1405771201,0,0,0
1405774801,0,0,0
1405778401,0,0,0
1405782002,0,0,0
1405785601,0,0,0
1405789201,0,0,0
1405792802,0,0,0
1405796401,0,0,0
1405800001,0,0,0
1405803601,0,0,0
1405807201,0,0,0
1405810802,0.54,69694,5
1405814401,0.01,18352,1
1405818001,0,0,0
1405821601,0,0,0
1405825202,0,0,0
1405828802,0,0,0
1405832401,0,0,0
1405836001,0,0,0
1405839602,0,0,0
1405843202,0,0,0
1405846802,0,0,0
1405850401,0,0,0
1405854001,0,0,0
1405857602,0,0,0
1405861201,0,0,0
1405864801,0,0,0
1405868401,0,0,0
1405872002,0,0,0
1405875601,0,0,0
1405879201,0,0,0
1405882801,0,0,0
1405886401,0,0,0
1405890001,0,0,0
1405893602,0,0,0
1405897201,0,0,0
1405900801,0,0,0
1405904401,0,0,0
1405908001,0,0,0
1405911601,0,0,0
1405915201,0,0,0
1405918801,0,0,0
1405922401,0,0,0
1405926002,0,0,0
1405929601,0,0,0
1405933201,0,0,0
1405936801,0.01,18368,1
1405940401,0,0,0
1405944001,0,0,0
1405947601,0,0,0
1405951202,0,0,0
1405954801,0,0,0
1405958401,0,0,0
1405962001,0,0,0
1405965601,0,0,0
1405969201,0,0,0
1405972802,0,0,0
1405976401,0,18352,1
1405980001,0,0,0
1405983601,0.51,174068,15
1405987201,0,0,0
1405990802,0,0,0
1405994401,0,0,0
1405998001,0,0,0
1406001601,0,0,0
1406005201,0,0,0
1406008801,0,0,0
1406012401,0,0,0
1406016001,0,0,0
1406019601,0,0,0
1406023201,0,0,0
1406026802,0,0,0
1406030401,0,0,0
1406034001,0,0,0
1406037601,0,0,0
1406041201,0,0,0
1406044801,0,0,0
1406048402,0,0,0
1406052001,0,0,0
1406055601,0,0,0
1406059201,0,0,0
1406062801,0,0,0
1406066401,0.01,18352,1
1406070001,0.49,69534,5
1406073601,0,0,0
1406077201,0,0,0
1406080801,0,0,0
1406084401,0,0,0
1406088001,0,0,0
1406091601,0,0,0
1406095202,0,0,0
1406098801,0,0,0
1406102402,0,0,0
1406106001,0.01,18400,1
1406109601,0,0,0
1406113201,0,0,0
1406116801,0,0,0
1406120401,0,0,0
1406124001,0.01,18352,1
1406127601,0,0,0
1406131202,0,0,0
1406134801,0,0,0
1406138401,0,0,0
1406142001,0,0,0
1406145602,0,0,0
1406149201,0,0,0
1406152801,0,0,0
1406156401,0.54,173940,15
1406160001,0,0,0
1406163601,0,0,0
1406167201,0,0,0
1406170801,0,0,0
1406174401,0,0,0
1406178001,0,0,0
1406181601,0,0,0
1406185202,0,0,0
1406188801,0,0,0
1406192401,0,0,0
1406196002,0,0,0
1406199601,0,0,0
1406203201,0,0,0
1406206802,0,0,0
1406210402,0,0,0
1406214001,0,0,0
1406217601,0,0,0
1406221202,0,0,0
1406224801,0,0,0
1406228402,0,0,0
1406232001,0,0,0
1406235601,0,0,0
1406239201,0,0,0
1406242801,0.5,69598,5
1406246401,0,0,0
1406250002,0,0,0
1406253601,0,0,0
1406257201,0,0,0
1406260801,0,0,0
1406264402,0,0,0
1406268001,0,0,0
1406271602,0,0,0
1406275202,0,0,0
1406278801,0,0,0
1406282401,0,0,0
1406286001,0,0,0
1406289601,0,0,0
1406293201,0,0,0
1406296801,0,0,0
1406300401,0,0,0
1406304002,0,0,0
1406307601,0,0,0
1406311202,0,0,0
1406314801,0,0,0
1406318401,0.01,18352,1
1406322001,0,0,0
1406325601,0,0,0
1406329201,0,0,0
1406332801,0,0,0
1406336401,0,0,0
1406340001,0,0,0
1406343601,0,0,0
1406347201,0,0,0
1406350801,0,0,0
1406354401,0,0,0
1406358001,0,0,0
1406361602,0,0,0
1406365201,0,0,0
1406368801,0,0,0
1406372402,0,0,0
1406376001,0,0,0
1406379601,0,0,0
1406383201,0,0,0
1406386801,0,0,0
1406390402,0,0,0
1406394001,0,0,0
1406397601,0,0,0
1406401201,0,0,0
1406404802,0,0,0
1406408401,0,0,0
1406412001,0,0,0
1406415601,0.6,174084,15
1406419202,0,0,0
1406422802,0,0,0
1406426401,0,0,0
1406430002,0,0,0
1406433601,0,0,0
1406437201,0,0,0
1406440801,0,0,0
1406444402,0,0,0
1406448001,0,0,0
1406451601,0,0,0
1406455201,0,0,0
1406458801,0,0,0
1406462401,0,0,0
1406466002,0,0,0
1406469602,0,0,0
1406473201,0,0,0
1406476801,0,0,0
1406480402,0,0,0
1406484001,0,0,0
1406487602,0,0,0
1406491202,0,0,0
1406494801,0,0,0
1406498401,0,0,0
1406502001,0,0,0
1406505601,0,0,0
1406509201,0,0,0
1406512801,0,0,0
1406516401,0,0,0
1406520002,0,0,0
1406523602,0,0,0
1406527201,0,0,0
1406530801,0,0,0
1406534401,0,0,0
1406538002,0,0,0
1406541601,0.01,18352,1
1406545201,0,0,0
1406548801,0.01,18352,1
1406552401,0,0,0
1406556001,0,0,0
1406559601,0.02,18352,1
1406563202,0,0,0
1406566802,0,0,0
1406570401,0,0,0
1406574001,0,0,0
1406577601,0,0,0
1406581201,0,0,0
1406584801,0,0,0
1406588401,0.5,174180,15
1406592001,0,0,0
1406595602,0,18352,1
1406599201,0,0,0
1406602801,0,0,0
1406606402,0,0,0
1406610001,0,0,0
1406613601,0,0,0
1406617201,0,0,0
1406620801,0,0,0
1406624401,0,0,0
1406628001,0,0,0
1406631602,0,0,0
1406635201,0,0,0
1406638802,0,0,0
1406642401,0,0,0
1406646001,0,0,0
1406649601,0,0,0
1406653201,0,0,0
1406656802,0,0,0
1406660401,0,0,0
1406664001,0,0,0
1406667601,0,0,0
1406671202,0,0,0
1406674802,0.01,18352,1
1406678402,0,0,0
1406682001,0,0,0
1406685601,0,0,0
1406689202,0,0,0
1406692801,0,0,0
1406696401,0,0,0
1406700001,0,0,0
1406703601,0,0,0
1406707201,0,0,0
1406710801,0,0,0
1406714401,0,0,0
1406718001,0.01,18352,1
1406721601,0,0,0
1406725202,0,0,0
1406728802,0,0,0
1406732401,0,0,0
1406736001,0,0,0
1406739601,0,0,0
1406743202,0,0,0
1406746802,0,0,0
1406750401,0,0,0
1406754001,0,0,0
1406757601,0,0,0
1406761202,0.48,69838,5
1406764801,0,0,0
1406768401,0,0,0
1406772001,0,0,0
1406775601,0,0,0
1406779201,0,0,0
1406782801,0,0,0
1406786401,0,0,0
1406790001,0,0,0
1406793601,0,0,0
1406797202,0,0,0
1406800802,0,0,0
1406804401,0,0,0
1406808001,0,0,0
1406811602,0,0,0
1406815202,0,0,0
1406818801,0,0,0
1406822402,0,0,0
1406826002,0,0,0
1406829601,0,0,0
1406833201,0,0,0
1406836802,0,0,0
1406840401,0,0,0
1406844001,0,0,0
1406847601,0,0,0
1406851201,0.54,176198,15
1406854801,0,0,0
1406858401,0,0,0
1406862001,0,0,0
1406865601,0,0,0
1406869201,0,0,0
1406872802,0,0,0
1406876402,0,0,0
1406880001,0,0,0
1406883602,0,0,0
1406887201,0,0,0
1406890802,0,0,0
1406894401,0,0,0
1406898002,0,0,0
1406901601,0,0,0
1406905201,0,0,0
1406908801,0,0,0
1406912402,0,0,0
1406916002,0,0,0
1406919601,0,0,0
1406923202,0,0,0
1406926802,0,0,0
1406930401,0,0,0
1406934001,0.02,18368,1
1406937601,0.58,69646,5
1406941201,0,0,0
1406944801,0,0,0
1406948401,0,0,0
1406952001,0,0,0
1406955601,0,0,0
1406959201,0,0,0
1406962801,0,0,0
1406966402,0,0,0
1406970002,0,0,0
1406973602,0,0,0
1406977202,0,0,0
1406980801,0,0,0
1406984402,0,0,0
1406988001,0,0,0
1406991601,0.01,18352,1
1406995201,0,0,0
1406998801,0,0,0
1407002401,0,0,0
1407006001,0,0,0
1407009601,0,0,0
1407013201,0,0,0
1407016801,0,0,0
1407020401,0,0,0
1407024001,0,0,0
1407027602,0,0,0
1407031202,0,0,0
1407034801,0,0,0
1407038401,0,0,0
1407042002,0,0,0
1407045601,0,0,0
1407049201,0,0,0
1407052801,0,0,0
1407056401,0,0,0
1407060001,0,0,0
1407063601,0,0,0
1407067201,0,0,0
1407070801,0,0,0
1407074402,0,0,0
1407078001,0,0,0
1407081601,0,0,0
1407085201,0,0,0
1407088801,0,0,0
1407092401,0,0,0
1407096002,0,0,0
1407099601,0,0,0
1407103202,0,0,0
1407106801,0.01,18352,1
1407110401,0.56,194436,16
1407114001,0,0,0
1407117601,0,0,0
1407121201,0,0,0
1407124801,0,0,0
1407128401,0.01,18352,1
1407132001,0,0,0
1407135602,0,0,0
1407139201,0,0,0
1407142801,0,0,0
1407146401,0,0,0
1407150001,0,0,0
1407153601,0,0,0
1407157201,0,0,0
1407160801,0.02,18352,1
1407164401,0,0,0
1407168001,0,0,0
1407171601,0,0,0
1407175201,0,0,0
1407178801,0,0,0
1407182401,0,0,0
1407186001,0,0,0
1407189602,0,0,0
1407193201,0,0,0
1407196802,0.01,18352,1
1407200401,0.44,176550,15
1407204001,0,0,0
1407207601,0,0,0
1407211201,0,0,0
1407214801,0,0,0
1407218402,0,0,0
1407222002,0,0,0
1407225602,0,0,0
1407229201,0.49,19620,2
1407232801,0,0,0
1407236401,0,0,0
1407240001,0,0,0
1407243601,0,0,0
1407247202,0,0,0
1407250801,0,0,0
1407254401,0,0,0
1407258001,0,0,0
1407261601,0,0,0
1407265201,0,0,0
1407268801,0,0,0
1407272402,0,0,0
1407276001,0,0,0
1407279601,0,0,0
1407283201,0,0,0
1407286801,0,0,0
1407290401,0,0,0
1407294001,0.65,206854,16
1407297601,0,0,0
1407301201,0,0,0
1407304802,0,0,0
1407308401,0,0,0
1407312001,0,0,0
1407315601,0,0,0
1407319201,0,0,0
1407322801,0,0,0
1407326401,0,0,0
1407330002,0,0,0
1407333601,0,0,0
1407337201,0,0,0
1407340802,0,0,0
1407344401,0,0,0
1407348001,0,0,0
1407351602,0,0,0
1407355201,0,0,0
1407358801,0,18352,1
1407362402,0,0,0
1407366001,0,0,0
1407369601,0,0,0
1407373201,0,0,0
1407376801,0,0,0
1407380402,0,0,0
1407384002,0,0,0
1407387601,0,0,0
1407391202,0,0,0
1407394801,0,0,0
1407398401,0,0,0
1407402002,0,0,0
1407405602,0,0,0
1407409201,0,0,0
1407412802,0,0,0
1407416402,0,0,0
1407420001,0.27,9810,1
1407423601,0,0,0
1407427201,0,0,0
1407430801,0,0,0
1407434401,0,0,0
1407438002,0,0,0
1407441601,0,0,0
1407445201,0,0,0
1407448801,0,0,0
1407452401,0,0,0
1407456002,0,0,0
1407459601,0,0,0
1407463201,0,0,0
1407466801,0,0,0
1407470401,0.48,175062,15
1407474001,0,0,0
1407477601,0.03,18352,1
1407481202,0,0,0
1407484801,0,0,0
1407488402,0,0,0
1407492001,0,0,0
1407495601,0,0,0
1407499201,0,0,0
1407502801,0,0,0
1407506401,0,0,0
1407510001,0,0,0
1407513601,0,0,0
1407517201,0,0,0
1407520802,0,0,0
1407524402,0,0,0
1407528002,0,0,0
1407531601,0,0,0
1407535201,0,0,0
1407538801,0,0,0
1407542401,0,0,0
1407546001,0,0,0
1407549601,0,0,0
1407553201,0,0,0
1407556801,0,0,0
1407560401,0.47,68462,5
1407564002,0,0,0
1407567601,0,0,0
1407571202,0,0,0
1407574802,0,0,0
1407578401,0,0,0
1407582001,0,0,0
1407585601,0,0,0
1407589201,0,0,0
1407592801,0,0,0
1407596402,0,0,0
1407600001,0,0,0
1407603601,0,0,0
1407607201,0,0,0
1407610801,0,0,0
1407614402,0,0,0
1407618002,0,0,0
1407621601,0,0,0
1407625201,0,0,0
1407628802,0,0,0
1407632402,0,0,0
1407636001,0,0,0
1407639601,0,0,0
1407643201,0,0,0
1407646801,0,0,0
1407650402,0,0,0
1407654001,0,0,0
1407657601,0,0,0
1407661201,0,0,0
1407664801,0,0,0
1407668401,0,0,0
1407672002,0,0,0
1407675601,0,0,0
1407679201,0,0,0
1407682801,0,0,0
1407686401,0,0,0
1407690001,0,0,0
1407693601,0,0,0
1407697202,0,0,0
1407700801,0,0,0
1407704401,0,0,0
1407708001,0,0,0
1407711601,0,0,0
1407715202,0,0,0
1407718801,0,0,0
1407722401,0,0,0
1407726001,0,0,0
1407729601,0,0,0
1407733202,0,0,0
1407736801,0.57,175046,15
1407740402,0,0,0
1407744001,0,0,0
1407747602,0,0,0
1407751201,0,0,0
1407754801,0,0,0
1407758401,0,0,0
1407762001,0,0,0
1407765601,0,0,0
1407769201,0,0,0
1407772801,0,0,0
1407776402,0,0,0
1407780001,0,0,0
1407783601,0,0,0
1407787201,0,0,0
1407790801,0,0,0
1407794401,0,0,0
1407798002,0,0,0
1407801601,0,0,0
1407805202,0,0,0
1407808801,0,0,0
1407812401,0,0,0
1407816001,0,0,0
1407819602,0,0,0
1407823201,0,0,0
1407826801,0.52,179046,15
1407830401,0,0,0
1407834002,0,0,0
1407837601,0,0,0
1407841201,0,0,0
1407844802,0,0,0
1407848401,0,0,0
1407852001,0.03,18352,1
1407855602,0,0,0
1407859201,0,0,0
1407862802,0,0,0
1407866401,0,0,0
1407870001,0,0,0
1407873602,0,0,0
1407877201,0.01,18352,1
1407880801,0.01,18352,1
1407884401,0,0,0
1407888001,0,0,0
1407891601,0,0,0
1407895201,0,0,0
1407898801,0,0,0
1407902401,0,0,0
1407906001,0,0,0
1407909601,0,0,0
1407913201,0.45,174950,15
1407916802,0,0,0
1407920402,0,0,0
1407924002,0,0,0
1407927601,0,0,0
1407931201,0,0,0
1407934801,0,0,0
1407938401,0,0,0
1407942001,0,0,0
1407945601,0,0,0
1407949201,0,0,0
1407952801,0,0,0
1407956401,0,0,0
1407960002,0.01,18352,1
1407963601,0,0,0
1407967201,0,0,0
1407970801,0,0,0
1407974401,0,0,0
1407978001,0,0,0
1407981601,0,0,0
1407985201,0,0,0
1407988801,0,0,0
1407992401,29.07,7167372,353
1407996001,157.25,25461140,712
1407999602,47.06,10110021,264
1408003201,0,0,0
1408006802,0,0,0
1408010402,0,0,0
1408014002,0,0,0
1408017601,0,0,0
1408021201,0,0,0
1408024801,4.47,1422926,44
1408028401,4.15,1516922,52
1408032001,4.7,1530006,46
1408035601,90.0000000000001,17588253,408
1408039201,32.49,3976384,49
1408042801,9.86,757561,57
1408046401,20.23,501694,27
1408050002,0,0,0
1408053601,0.42,24414,2
1408057201,0,0,0
1408060801,0,0,0
1408064401,0,0,0
1408068001,0.64,90784,1
1408071601,0,0,0
1408075201,0,0,0
1408078801,0,0,0
1408082402,0,0,0
1408086002,4.86,661840,8
1408089601,0.72,203636,15
1408093202,0.52,87200,1
1408096801,0,0,0
1408100402,0,0,0
1408104001,8.01,705968,8
1408107602,0,0,0
1408111202,0,0,0
1408114802,0,0,0
1408118401,34.23,5548496,64
1408122002,3.24,704512,8
1408125602,3.59,706624,8
1408129201,16.64,3173184,36
1408132802,7.78,1410304,16
1408136402,0.91,176288,2
1408140001,0.74,176288,2
1408143602,0.9,180000,2
1408147202,1.56,361664,4
1408150801,1.49,361664,4
1408154401,3.26,723328,8
1408158001,9.05,2007392,23
1408161602,3.41,783408,10
1408165202,3.17,723328,8
1408168802,5.66,1175440,13
1408172401,3.41,813744,9
1408176002,10.75,2442428,40
1408179602,5.65,1265888,14
1408183202,3.1,723360,8
1408186801,4.97,1103248,13
1408190401,5.78,1265824,14
1408194001,4.37,1012848,12
1408197601,1.21,271280,3
1408201202,5.2,1085360,12
1408204801,7.71,1718032,19
1408208401,1.99,452112,5
1408212002,4.12,904576,10
1408215602,2.48,542496,6
1408219202,2.4,542496,6
1408222802,2.46,542496,6
1408226401,3.86,813744,9
1408230002,3.55,814128,9
1408233602,3.78,813744,9
1408237202,3.46,813744,9
1408240802,3.3,723328,8
1408244401,0.75,180832,2
1408248002,4.59,994640,11
1408251602,3.66,813840,9
1408255202,2.13,452112,5
1408258802,3.74,813744,9
1408262401,2.04,429994,9
1408266002,3.28,723328,8
1408269602,0,0,0
1408273201,0,18240,1
1408276801,0,0,0
1408280402,0,0,0
1408284001,0.87,180832,2
1408287602,0,0,0
1408291202,0,0,0
1408294802,0,0,0
1408298402,1.13,246960,3
1408302002,0,0,0
1408305601,0,0,0
1408309202,0,0,0
1408312802,0,0,0
1408316401,2.64,584336,7
1408320002,1.48,337376,4
1408323602,1.13,248064,3
1408327202,0,0,0
1408330802,6.08,1362528,15
1408334401,0,0,0
1408338002,1.36,338848,4
1408341601,2.79,544736,6
1408345202,2.95,611232,7
1408348802,0.84,181568,2
1408352401,10.74,2268612,38
1408356001,0,0,0
1408359602,3.89,883616,10
1408363202,5.53,1107680,13
1408366802,5.3,1155920,13
1408370402,1.46,290624,4
1408374001,11.76,2451568,27
1408377601,4.26,817152,9
1408381202,1.63,338848,4
1408384802,0,0,0
1408388402,0,0,0
1408392002,0,0,0
1408395602,3.23,635472,7
1408399201,0,0,0
1408402802,2.18,453920,5
1408406402,2.93,677696,8
1408410002,1.94,453920,5
1408413602,0.85,181568,2
1408417202,2.26,453904,5
1408420801,2.01,453920,5
1408424402,0,0,0
1408428001,0,0,0
1408431601,0,0,0
1408435202,0,0,0
1408438802,1.87,453920,5
1408442402,2.94,522250,10
1408446002,0,0,0
1408449601,0,0,0
1408453202,2.59,520416,6
1408456801,1.88,363136,4
1408460402,2.54,544704,6
1408464001,0.85,181568,2
1408467602,0.87,199856,3
1408471202,0.91,199856,3
1408474802,0,0,0
1408478402,1.85,363136,4
1408482002,0,0,0
1408485602,1.6,384496,5
1408489202,0,0,0
1408492802,0,0,0
1408496402,1.66,366208,4
1408500002,9.48,1923248,21
1408503601,2.68,549248,6
1408507201,19.13,3768088,79
1408510802,133.9,22682069,365
1408514402,0,0,0
1408518002,2.49,549312,6
1408521602,4.25,823888,9
1408525202,5.48,1007408,11
1408528802,1.34,274640,3
1408532401,0.66,178404,15
1408536001,2.54,549664,6
1408539601,5.93,1257440,14
1408543202,9.32,1831312,20
1408546802,0,0,0
1408550402,1.31,274656,3
1408554002,0,0,0
1408557602,2.65,549344,6
1408561202,2.3,457760,5
1408564802,2.84,640864,7
1408568401,0.83,183104,2
1408572002,0,0,0
1408575602,0,0,0
1408579201,2.49,549344,6
1408582802,2.72,549344,6
1408586402,0,0,0
1408590002,2.46,549344,6
1408593601,0,0,0
1408597202,0,0,0
1408600801,0,0,0
1408604402,1.19,274672,3
1408608002,1.25,274672,3
1408611602,0,0,0
1408615202,0,0,0
1408618801,1.54,357444,17
1408622402,0,0,0
1408626001,2.65,616592,7
1408629602,0,0,0
1408633202,0,0,0
1408636801,0,0,0
1408640401,3.44,732416,8
1408644001,0,0,0
1408647602,0,0,0
1408651201,1.13,250368,3
1408654803,0,0,0
1408658402,0.85,183104,2
1408662002,3.37,750704,9
1408665601,0.97,250368,3
1408669202,0,0,0
1408672801,2.13,500736,6
1408676402,1.77,366208,4
1408680002,0.85,183104,2
1408683602,2.29,525024,6
1408687201,0,0,0
1408690802,0,0,0
1408694402,1.57,341920,4
1408698001,2.6,549248,6
1408701601,0.01,18288,1
1408705201,2.31,549382,19
1408708802,6.07,1281728,14
1408712401,0,0,0
1408716002,0.01,18288,1
1408719601,2.3,457728,5
1408723201,0,0,0
1408726802,0,0,0
1408730401,1.26,250368,3
1408734001,0.83,183104,2
1408737602,0.92,183104,2
1408741201,0.02,18288,1
1408744801,0,0,0
1408748402,0,0,0
1408752002,0,0,0
1408755601,0,0,0
1408759201,0.82,183104,2
1408762802,0,0,0
1408766401,0.95,201392,3
1408770001,0,0,0
1408773601,0.83,181568,2
1408777202,0.96,181568,2
1408780801,0.84,199856,3
1408784401,0,0,0
1408788002,0,0,0
1408791602,3.68,817152,9
1408795201,1.87,446758,18
1408798802,2.35,545088,6
1408802401,2.59,544704,6
1408806002,3.95,817424,9
1408809601,0,0,0
1408813202,0,0,0
1408816802,2.48,545136,6
1408820402,1.27,272384,3
1408824002,0,0,0
1408827602,9.43,2088832,23
1408831201,0.78,181568,2
1408834802,1.14,272352,3
1408838402,1.36,272384,3
1408842001,1.27,272752,3
1408845602,0,0,0
1408849201,0,0,0
1408852801,0,0,0
1408856401,3.86,883616,10
1408860001,1.24,272352,3
1408863601,0,0,0
1408867202,0,0,0
1408870802,0,0,0
1408874402,0,0,0
1408878002,0,0,0
1408881601,0.63,67758,5
1408885201,0,0,0
1408888801,0,0,0
1408892402,8.26,1833632,21
1408896002,0,0,0
1408899601,0,0,0
1408903201,0,0,0
1408906801,1.82,363136,4
1408910401,1.56,363136,4
1408914001,1.61,363136,4
1408917602,2.68,611200,7
1408921201,0.73,181568,2
1408924802,0.85,181568,2
1408928402,0.78,181568,2
1408932002,0,0,0
1408935602,0,18288,1
1408939202,0,0,0
1408942802,0,0,0
1408946401,0.94,248064,3
1408950002,0,0,0
1408953601,3,677696,8
1408957202,0,0,0
1408960802,0,0,0
1408964402,0,0,0
1408968001,0.54,67758,5
1408971602,0,0,0
1408975201,0.01,18288,1
1408978801,6.51,1337472,15
1408982402,1.6,363136,4
1408986002,20.11,3823360,44
1408989602,69.3,11004304,128
1408993201,27.45,4570064,53
1408996802,77.13,10756640,121
1409000401,15.36,3540128,39
1409004002,13.49,2969248,33
1409007601,20.41,3710064,41
1409011201,1.6,363264,4
1409014801,0,0,0
1409018401,3.78,793024,9
1409022001,0,0,0
1409025602,1.03,248128,3
1409029201,0.94,181632,2
1409032802,0,0,0
1409036402,0,0,0
1409040001,0,0,0
1409043601,0,0,0
1409047201,0,0,0
1409050801,0,0,0
1409054401,1.24,313538,27
1409058002,1.58,338912,4
1409061601,38.22,5162032,57
1409065202,12.53,2721120,30
1409068801,15.86,3175040,35
1409072402,279.77,37352544,411
1409076002,13.11,2721120,30
1409079601,6.53,1378848,16
1409083202,1.41,184112,2
1409086802,0,0,0
1409090402,0,0,0
1409094002,0,0,0
1409097602,17.69,3518943,192
1409101201,0,0,0
1409104801,0,0,0
1409108402,0,0,0
1409112001,0.01,18288,1
1409115601,2.62,544832,6
1409119201,0,0,0
1409122802,0,0,0
1409126402,1.63,381552,5
1409130002,3.49,726528,8
1409133602,0,0,0
1409137202,0,0,0
1409140801,0,0,0
1409144402,0.87,174970,15
1409148002,0,0,0
1409151602,0.88,181632,2
1409155202,13.81,3563396,133
1409158802,0.91,181632,2
1409162401,0.02,20112,1
1409166002,0.97,181632,2
1409169601,0,0,0
1409173202,1.83,363264,4
1409176801,0,0,0
1409180402,2.47,544896,6
1409184001,0.76,181632,2
1409187601,0,0,0
1409191202,4.26,908160,10
1409194802,0.97,181632,2
1409198401,0.85,223776,3
1409202002,0.88,181632,2
1409205602,0.83,181632,2
1409209201,0,0,0
1409212801,5.43,1089680,12
1409216401,1.28,272400,3
1409220001,0,0,0
1409223602,0,0,0
1409227201,2.57,545200,6
1409230802,1.67,447658,18
1409234401,0,0,0
1409238001,0,0,0
1409241602,0,0,0
1409245201,36.68,5728800,63
1409248801,12.96,2630416,29
1409252401,13.24,2812208,31
1409256001,17.77,4794669,162
1409259602,7.49,2946282,98
1409263201,2.65,1094640,39
1409266801,0,0,0
1409270401,0,0,0
1409274001,0,0,0
1409277601,0,0,0
1409281201,0,0,0
1409284801,0,0,0
1409288402,0.43,90784,1
1409292001,0,0,0
1409295601,0,0,0
1409299201,0,0,0
1409302801,0,0,0
1409306401,2.48,544896,6
1409310001,2.66,544896,6
1409313601,3.59,817232,9
1409317201,0.73,191612,15
1409320801,1.14,272448,3
1409324401,2.62,1020592,36
1409328001,2.92,1219728,43
1409331602,2.98,852384,19
1409335202,0,0,0
1409338802,2.78,563136,7
1409342401,3.91,726448,8
1409346001,1.56,338848,4
1409349601,4.68,998912,11
1409353201,2.63,544864,6
1409356801,6.95,1452960,16
1409360401,0,0,0
1409364001,0,0,0
1409367601,0,0,0
1409371202,0,0,0
1409374801,1.37,272416,3
1409378401,0,0,0
1409382001,1.23,272448,3
1409385602,1.6,309072,5
1409389201,1.21,261680,3
1409392801,2.5,523392,6
1409396402,0,0,0
1409400001,1.43,261872,3
1409403602,0.47,171910,15
1409407201,0,0,0
1409410801,1.47,264880,3
1409414401,1.31,265024,3
1409418001,0,0,0
1409421602,0,0,0
1409425201,0,0,0
1409428801,1.35,265056,3
1409432401,0,0,0
1409436001,1.22,283712,4
1409439601,0,0,0
1409443201,2.46,556176,7
1409446801,0,0,0
1409450401,0.01,18288,1
1409454002,0,0,0
1409457601,0,0,0
1409461201,0,0,0
1409464801,0,0,0
1409468401,3.75,806880,9
1409472002,3.61,806912,9
1409475602,2.15,537952,6
1409479201,0,0,0
1409482801,0,0,0
1409486401,1.49,268960,3
1409490001,0.6,68548,5
1409493601,3.77,806928,9
1409497201,1.46,268992,3
1409500801,0,0,0
1409504401,0,0,0
1409508001,0,0,0
1409511601,0,0,0
1409515201,2.43,538352,6
1409518801,0,0,0
1409522401,1.35,268944,3
1409526001,3.8,806864,9
1409529601,0,0,0
1409533201,0,0,0
1409536802,0,0,0
1409540401,1.24,268992,3
1409544001,2.71,603184,7
1409547601,0,0,0
1409551202,0,0,0
1409554801,1.6,268960,3
1409558402,0,0,0
1409562001,0,0,0
1409565602,2.63,537920,6
1409569201,3.92,807232,9
1409572802,0,0,0
1409576401,1.35,268960,3
1409580001,1.74,443118,18
1409583601,0,0,0
1409587201,0,0,0
1409590801,3.5,717648,8
1409594401,2.76,556208,7
1409598001,4.53,806912,9
1409601601,3.94,806944,9
1409605201,1.28,268992,3
1409608801,0,0,0
1409612401,0,0,0
1409616001,0,0,0
1409619601,0,0,0
1409623202,1.33,270464,3
1409626801,0,0,0
1409630401,0,0,0
1409634002,1.31,270464,3
1409637602,0,0,0
1409641202,0,18304,1
1409644802,0,0,0
1409648402,1.56,270464,3
1409652001,0,0,0
1409655601,0.01,18304,1
1409659202,0,0,0
1409662801,0.48,68540,5
1409666401,0.9,180064,2
1409670002,0.83,180064,2
1409673602,0,0,0
1409677202,28.49,4465440,52
1409680801,0,0,0
1409684401,8.3,1336944,17
1409688001,0.01,18304,1
1409691601,0,0,0
1409695201,5.38,810944,9
1409698801,12.47,1441344,16
1409702402,5.98,814272,9
1409706001,0.57,90000,1
1409709601,0.64,108336,2
1409713201,0.66,90000,1
1409716801,1.36,180144,2
1409720401,1.2,180224,2
1409724002,1.28,180112,2
1409727602,1.51,180144,2
1409731201,0,0,0
1409734802,1.3,180160,2
1409738401,1.23,180112,2
1409742001,1.29,180064,2
1409745601,1.35,180160,2
1409749202,1.22,287746,16
1409752802,1.41,180032,2
1409756401,1.78,180832,2
1409760001,2.61,303392,5
1409763601,6.04,1753022,53
1409767201,2.49,363392,4
1409770801,0,0,0
1409774402,0.77,90784,1
1409778002,0,0,0
1409781602,0,0,0
1409785201,0.84,181600,2
1409788801,0,0,0
1409792401,2.94,381344,5
1409796002,1.26,181472,2
1409799601,0,0,0
1409803201,1.24,181472,2
1409806801,1.3,181472,2
1409810401,0,0,0
1409814001,0.75,90736,1
1409817601,1.06,181504,2
1409821201,1.36,181664,2
1409824801,0,0,0
1409828402,0.72,90816,1
1409832001,1.64,272400,3
1409835602,1.36,265330,16
1409839202,1.5,181680,2
1409842801,0.73,90768,1
1409846401,0,0,0
1409850001,1.24,181728,2
1409853602,0.72,90784,1
1409857202,0,0,0
1409860801,0.63,90736,1
1409864402,0.76,91040,1
1409868001,0,0,0
1409871601,0,0,0
1409875202,0,0,0
1409878801,0,0,0
1409882401,0,0,0
1409886001,0,0,0
1409889601,0.01,18304,1
1409893201,1.71,273312,3
1409896802,0,0,0
1409900401,0.67,90784,1
1409904002,0,0,0
1409907601,0,0,0
1409911201,1.1,181600,2
1409914801,0,0,0
1409918401,0.26,66480,1
1409922001,1.08,265188,16
1409925602,0,0,0
1409929201,0.96,181536,2
1409932801,0.27,66480,1
1409936401,0.59,90736,1
1409940001,0,0,0
1409943601,0,0,0
1409947202,0.74,90736,1
1409950801,0,0,0
1409954401,0,0,0
1409958002,0,0,0
1409961601,1.84,314496,4
1409965202,0,0,0
1409968801,0,0,0
1409972401,0,0,0
1409976001,0,0,0
1409979601,0.71,157248,2
1409983201,0,0,0
1409986801,0,0,0
1409990402,0,0,0
1409994001,1.76,363200,4
1409997601,0,0,0
1410001201,0,0,0
1410004801,0.55,92256,1
1410008401,0.55,187428,15
1410012001,0,0,0
1410015601,0,0,0
1410019201,0,0,0
1410022801,0,0,0
1410026401,0,0,0
1410030002,0,0,0
1410033601,0.01,18320,1
1410037201,0,0,0
1410040801,0,0,0
1410044401,0,0,0
1410048001,0.02,18304,1
1410051602,0,0,0
1410055201,4.29,792656,9
1410058801,0,0,0
1410062401,0,18304,1
1410066001,0,0,0
1410069602,0.7,91040,1
1410073202,0,0,0
1410076802,0,0,0
1410080402,0,0,0
1410084001,0,0,0
1410087601,0,0,0
1410091202,0,0,0
1410094801,0.5,174436,15
1410098401,0,0,0
1410102002,0,0,0
1410105601,0,0,0
1410109202,0,0,0
1410112801,0,0,0
1410116401,0,0,0
1410120001,0,0,0
1410123602,0,0,0
1410127201,0,0,0
1410130801,0,0,0
1410134401,0,0,0
1410138001,0,0,0
1410141601,0,0,0
1410145201,0,0,0
1410148802,0,0,0
1410152401,0,0,0
1410156001,0,0,0
1410159602,0,0,0
1410163202,1.86,381520,5
1410166802,0,0,0
1410170401,0,0,0
1410174001,0,0,0
1410177602,0,0,0
1410181201,0.54,68620,5
1410184802,3.91,2194420,77
1410188402,0,0,0
1410192002,0.01,18320,1
1410195602,8.96999999999999,2977096,118
1410199201,0,0,0
1410202801,0.12,156824,12
1410206402,0.04,45116,4
1410210001,0,0,0
1410213601,1.01,190066,6
1410217201,9.03,1188650,15
1410220801,0,0,0
1410224402,0.03,36624,2
1410228001,0,0,0
1410231602,0.03,12640,3
1410235201,0.02,22524,2
1410238802,0,0,0
1410242402,0,0,0
1410246001,0.98,223728,3
1410249602,0,0,0
1410253201,0.01,18304,1
1410256801,0,0,0
1410260401,0,0,0
1410264001,0.01,26712,3
1410267602,2.19,501124,20
1410271201,0.11,63714,8
1410274802,0.61,99162,3
1410278402,0.01,12612,3
1410282001,0,0,0
1410285602,0.66,131580,4
1410289202,1.22,211086,9
1410292801,0.04,35136,5
1410296401,0.01,8408,2
1410300001,0.77,99176,3
1410303601,0.03,8408,2
1410307201,0.02,4204,1
1410310801,0,0,0
1410314401,0.01,4204,1
1410318002,0.01,4204,1
1410321601,0,4174,1
1410325201,0.01,4204,1
1410328801,0.01,18320,1
1410332401,0,0,0
1410336001,0,0,0
1410339601,0,0,0
1410343201,0,0,0
1410346801,0,0,0
1410350401,0.01,40844,3
1410354001,0.49,185522,15
1410357601,0.03,8420,2
1410361201,0.04,26762,3
1410364801,0.06,35140,5
1410368401,0.01,18304,1
1410372002,0,0,0
1410375601,0.05,16950,4
1410379201,0.04,12614,3
1410382801,18.15,5972569,228
1410386401,14.27,5307128,187
1410390001,0.63,99224,3
1410393601,1.34,181664,2
1410397201,0.93,185804,3
1410400802,0.77,90784,1
1410404402,0.8,117498,4
1410408002,14.33,5679944,161
1410411602,1.61,272480,3
1410415202,0.75,90800,1
1410418802,0,0,0
1410422401,0.55,90864,1
1410426002,0,0,0
1410429602,0,0,0
1410433201,0,0,0
1410436801,0.09,47820,8
1410440401,0,0,0
1410444001,0.58,206936,18
1410447601,1.03,111804,6
1410451201,0.99,95004,2
1410454801,0.72,99272,3
1410458401,9.72999999999999,3842188,115
1410462001,4.68,1588596,51
1410465601,4.46,1561784,52
1410469202,0.73,95020,2
1410472801,1.81,276668,4
1410476401,0.01,4204,1
1410480002,1.3,181632,2
1410483601,4.6,745136,9
1410487201,0.71,90816,1
1410490802,0,0,0
1410494401,0.66,90864,1
1410498001,0.05,12582,3
1410501601,0.96,199920,3
1410505202,0,0,0
1410508801,0,0,0
1410512402,0,0,0
1410516001,0,0,0
1410519602,0,0,0
1410523202,0,0,0
1410526801,0.55,182922,17
1410530401,0,0,0
1410534001,0.05,12612,3
1410537602,0.06,12612,3
1410541202,23.19,3179072,40
1410544801,7.12,988740,14
1410548401,0.7,95084,2
1410552002,0.73,95004,2
1410555602,0.88,103428,4
1410559202,1.81,272368,3
1410562802,0.74,90864,1
1410566401,0.76,90800,1
1410570001,0.73,94988,2
1410573602,2.6,371576,6
1410577201,1.17,181504,2
1410580802,0,0,0
1410584401,0,0,0
1410588002,0,0,0
1410591602,0,0,0
1410595202,0,0,0
1410598801,0,0,0
1410602401,0,0,0
1410606001,0,0,0
1410609601,0,0,0
1410613201,0.05,8408,2
1410616802,0.53,186192,17
1410620402,0.01,4204,1
1410624001,0,0,0
1410627602,0,0,0
1410631201,0,0,0
1410634802,0,0,0
1410638401,0,0,0
1410642001,0.62,90768,1
1410645601,0,0,0
1410649201,0,0,0
1410652801,0,0,0
1410656401,11.32,2033936,30
1410660001,30.92,5830896,67
1410663601,0,0,0
1410667201,11.84,2168096,25
1410670801,137.57,21343952,239
1410674401,25.21,4592832,57
1410678001,0,0,0
1410681601,0,0,0
1410685202,0,0,0
1410688801,1.65,314496,4
1410692402,0,0,0
1410696001,0,0,0
1410699602,1.31,312740,27
1410703202,0,0,0
1410706801,0,0,0
1410710401,0,0,0
1410714002,0,0,0
1410717601,0,0,0
1410721201,0,0,0
1410724802,0,0,0
1410728402,0,0,0
1410732001,0,0,0
1410735601,0,0,0
1410739202,0.99,157232,2
1410742801,0,0,0
1410746401,9.54999999999999,2219706,51
1410750002,2.32,429584,5
1410753602,2.64,364976,4
1410757202,3.61,453968,5
1410760801,2.01,363136,4
1410764402,0.56,90768,1
1410768002,0,0,0
1410771602,0.01,18336,1
1410775202,0,0,0
1410778801,0,4204,1
1410782401,0,0,0
1410786002,0.7,201230,19
1410789602,0.03,4204,1
1410793201,0.02,8408,2
1410796802,40.9,7114660,82
1410800401,33.14,6227464,74
1410804002,59.45,10120560,117
1410807601,39.84,7005540,80
1410811202,13.21,2724844,31
1410814802,5.39,1187352,15
1410818402,0,0,0
1410822001,0.01,4204,1
1410825602,0,0,0
1410829202,0.02,4204,1
1410832801,5.29,1131664,13
1410836401,19.89,4403450,52
1410840002,4.56,974480,11
1410843601,3.26,726400,8
1410847201,1.28,290656,4
1410850801,0.75,181600,2
1410854402,1.52,363200,4
1410858002,1.84,363200,4
1410861601,0.81,181600,2
1410865201,1.53,381536,5
1410868802,3.54,730682,9
1410872401,3.22,643914,9
1410876002,1.08,215968,21
1410879601,0.04,8408,2
1410883202,0.02,8408,2
1410886801,0.04,12612,3
1410890402,1.81,367404,5
1410894001,0,0,0
1410897602,0.07,21020,5
1410901201,0.01,8408,2
1410904801,0.01,8408,2
1410908401,0.03,8408,2
1410912001,0,0,0
1410915601,0.01,4204,1
1410919201,0.01,4174,1
1410922802,0.01,4204,1
1410926402,0.01,8378,2
1410930001,0,0,0
1410933601,0,0,0
1410937201,2.91,677696,8
1410940802,0,0,0
1410944402,0,0,0
1410948001,0,0,0
1410951601,0,0,0
1410955201,0,0,0
1410958802,0.01,4204,1
1410962401,0.55,178874,16
1410966002,0,4204,1
1410969601,0.02,4204,1
1410973201,0,4204,1
1410976802,0,0,0
1410980402,0.01,4204,1
1410984002,0,0,0
1410987601,0.01,4204,1
1410991202,0,0,0
1410994801,0,0,0
1410998402,0.01,4204,1
1411002002,0,0,0
1411005601,0,0,0
1411009201,0,0,0
1411012801,2.55,544448,6
1411016401,0,0,0
1411020002,0,0,0
1411023602,2.54,544736,6
1411027201,0,0,0
1411030801,0,0,0
1411034401,0,0,0
1411038001,0,0,0
1411041601,0.02,4204,1
1411045202,3.11,677680,8
1411048801,0.57,174542,15
1411052401,3.81,797020,10
1411056001,0,0,0
1411059601,1.31,272384,3
1411063202,0,0,0
1411066802,1.39,272384,3
1411070401,0,0,0
1411074002,0.89,181600,2
1411077601,0,0,0
1411081201,0,0,0
1411084802,0,0,0
1411088401,0,0,0
1411092001,0,0,0
1411095601,0,0,0
1411099202,0,0,0
1411102802,0,0,0
1411106401,0,0,0
1411110002,0,0,0
1411113602,0,0,0
1411117202,0,0,0
1411120801,0,0,0
1411124402,0,0,0
1411128002,0,0,0
1411131602,0,0,0
1411135202,0.61,180910,15
1411138801,0,0,0
1411142401,0,0,0
1411146002,0,0,0
1411149602,0,0,0
1411153202,0,0,0
1411156802,0,0,0
1411160402,2.85,677696,8
1411164002,0,0,0
1411167602,0,0,0
1411171202,0,0,0
1411174801,0,0,0
1411178402,0,0,0
1411182001,0,0,0
1411185601,0,0,0
1411189201,2.53,544736,6
1411192802,3.61,817104,9
1411196402,2.46,544768,6
1411200002,1.23,272384,3
1411203602,0,0,0
1411207201,1.38,290720,4
1411210802,7.06,1609952,18
1411214401,4.3,950048,11
1411218002,1.19,272384,3
1411221602,2.34,544768,6
1411225202,1.77,446958,18
1411228801,1.39,272384,3
1411232401,1.22,272384,3
1411236001,7.2,1676384,19
1411239602,0,0,0
1411243202,0,0,0
1411246801,0,0,0
1411250402,14.81,2905600,32
1411254002,1.22,272352,3
1411257601,1.21,272352,3
1411261201,2.69,545504,6
1411264802,6.39,1408604,17
1411268401,4.75,1094078,13
1411272001,0.89,185804,3
1411275601,0,0,0
1411279201,2.46,544704,6
1411282801,0,0,0
1411286401,0,0,0
1411290001,0,0,0
1411293601,0,0,0
1411297202,0,0,0
1411300801,2.55,544800,6
1411304401,0,0,0
1411308002,0,0,0
1411311601,0.57,188762,16
1411315202,0,0,0
1411318802,1.32,272384,3
1411322401,2.62,544768,6
1411326001,0,0,0
1411329601,1.34,272400,3
1411333201,1.44,272384,3
1411336801,1.33,276956,4
1411340402,2.53,544768,6
1411344002,1.31,272752,3
1411347602,0,0,0
1411351202,0,0,0
1411354802,1.39,272752,3
1411358402,0.94,223728,3
1411362001,0,0,0
1411365602,2.86,544736,6
1411369202,8.95,1816000,20
1411372802,0,0,0
1411376401,3.21,677696,8
1411380002,0,0,0
1411383601,0,0,0
1411387201,0,0,0
1411390801,2,453968,5
1411394401,0.63,177662,15
1411398002,0,4174,1
1411401602,0.03,8378,2
1411405201,0,0,0
1411408802,0,0,0
1411412402,0,0,0
1411416001,0,4204,1
1411419602,0,0,0
1411423201,0.02,12612,3
1411426802,0.03,22540,2
1411430401,0.02,30924,4
1411434002,8.43,1933978,24
1411437601,0,12582,3
1411441202,5.64999999999999,2600706,89
1411444801,1.79,1188096,42
1411448401,2.39,747598,19
1411452001,0,0,0
1411455602,0,0,0
1411459201,0,0,0
1411462801,0,0,0
1411466402,0,0,0
1411470001,0,0,0
1411473602,0.02,8378,2
1411477202,0,4204,1
1411480801,3.25,677696,8
1411484402,2.24,450382,18
1411488001,2.48,544768,6
1411491601,1.57,272384,3
1411495202,0.14,12630,3
1411498802,2.73,548956,7
1411502402,0,4206,1
1411506001,0,0,0
1411509601,2.64,562168,10
1411513201,1.39,301782,10
1411516801,1.32,276588,4
1411520402,0,0,0
1411524001,2.64,544768,6
1411527602,7.14,1507382,20
1411531202,11.03,2887846,53
1411534801,0,0,0
1411538402,0,0,0
1411542002,0,0,0
1411545602,0,0,0
1411549201,0,0,0
1411552801,1.41,272368,3
1411556401,1.31,272368,3
1411560002,3.27,730524,9
1411563601,1.36,272368,3
1411567201,2.12,458172,6
1411570801,1.92,462900,21
1411574402,0,0,0
1411578002,0.01,4204,1
1411581601,0.02,4204,1
1411585201,6.09999999999999,2217484,70
1411588802,4.37,2304524,91
1411592402,9.04999999999999,3026678,84
1411596001,1.16,557758,21
1411599601,0.03,8408,2
1411603201,2.34,524444,7
1411606802,0.03,12582,3
1411610402,2.48,567308,8
1411614001,2.68,548972,7
1411617602,4.68,817152,9
1411621201,5.69,1156704,13
1411624801,3.26,545152,6
1411628402,2.61,544768,6
1411632002,1.43,290720,4
1411635602,0,0,0
1411639202,0,0,0
1411642802,0.01,18336,1
1411646401,0,0,0
1411650001,4.19,826280,11
1411653602,2.37,548908,7
1411657202,2.01,479194,20
1411660802,4.05,821308,10
1411664402,0,4204,1
1411668002,1.5,272384,3
1411671602,0.01,4204,1
1411675202,10.33,3846478,124
1411678802,1.5,338784,4
1411682401,0.03,22540,2
1411686002,23.29,4841852,60
1411689602,0,4204,1
1411693202,0,0,0
1411696802,3.29,730604,9
1411700401,5.58,1105872,17
1411704002,0.03,22510,2
1411707602,0.02,4210,1
1411711201,0,0,0
1411714802,0,0,0
1411718401,0,0,0
1411722001,8.43,1815920,20
1411725602,0.51,90784,1
1411729201,0,0,0
1411732802,1.24,272384,3
1411736401,1.94,462376,7
1411740001,2.77,561554,10
1411743602,0.84,317094,39
1411747202,3.01,596858,15
1411750802,0.08,39424,6
1411754402,0.12,84632,10
1411758002,0.04,21102,5
1411761601,0.06,21088,5
1411765202,1.34,293458,8
1411768802,1.24,280842,5
1411772401,0.02,18336,1
1411776002,0,0,0
1411779601,0,0,0
1411783201,0,0,0
1411786801,2.47,557324,9
1411790401,0.01,4204,1
1411794001,0,0,0
1411797602,0,0,0
1411801201,0,0,0
1411804801,0.77,157248,2
1411808402,0,0,0
1411812002,1.12,272368,3
1411815601,3.73,817872,9
1411819202,1.3,272752,3
1411822801,0,0,0
1411826401,2.43,612874,15
1411830002,0.55,186964,18
1411833602,4.12,825898,11
1411837202,0,0,0
1411840801,3.96,817168,9
1411844402,0,0,0
1411848002,0,0,0
1411851602,1.47,276588,4
1411855201,2.81,567308,8
1411858802,0,0,0
1411862402,0,0,0
1411866001,1.18,276588,4
1411869602,1.45,314496,4
1411873202,4.59,1089520,12
1411876801,0,0,0
1411880402,0,0,0
1411884001,1.21,272400,3
1411887601,2.6,544736,6
1411891202,1.23,272384,3
1411894801,2.55,544768,6
1411898402,2.74,544768,6
1411902001,5.25,1089552,12
1411905601,0,0,0
1411909201,3.47,817104,9
1411912802,1.5,276956,4
1411916401,5.64,1269066,28
1411920001,0,0,0
1411923602,0,0,0
1411927202,2.16,453968,5
1411930802,0,0,0
1411934401,0,0,0
1411938002,1.45,280776,5
1411941601,0,0,0
1411945202,5.33,1098986,14
1411948802,0.01,8408,2
1411952402,0.02,8378,2
1411956002,2.31,545504,6
1411959602,5.36,1007850,13
1411963201,2.44,545136,6
1411966801,0,0,0
1411970402,8.25,1457968,18
1411974002,22.56,3777440,48
1411977602,21.31,4668000,52
1411981201,1.96,453904,5
1411984802,7.75,1635760,18
1411988402,6.72,1453136,16
1411992001,1.36,280762,5
1411995601,0.15,33712,8
1411999201,0.09,46366,11
1412002802,0.87,347242,37
1412006402,0.07,29532,7
1412010002,0.06,43630,7
1412013602,1.17,198484,6
1412017201,2.76,545788,12
1412020802,6.58,1276852,19
1412024402,32.33,5984944,74
1412028002,12.73,2724844,31
1412031602,0,4204,1
1412035202,0.02,4204,1
1412038802,8.16,1346106,17
1412042401,0,0,0
1412046001,0.02,4204,1
1412049601,0.01,8378,2
1412053201,0.87,181600,2
1412056802,2.81,611152,7
1412060402,0,0,0
1412064002,3.85,817088,9
1412067601,0,0,0
1412071201,0,0,0
1412074802,0,0,0
1412078402,0.04,8442,2
1412082002,0.07,21088,5
1412085601,29.95,5625520,67
1412089202,24.66,4677680,83
1412092802,28.64,5301488,64
1412096403,65.16,10307052,121
1412100001,24.3,4168516,50
1412103602,61.32,9863592,165
1412107202,34.35,6509192,80
1412110802,12.5,2647730,33
1412114402,62.29,10073252,115
1412118002,1.21,200230,5
1412121602,0,0,0
1412125202,0,0,0
1412128802,28.29,4513096,53
1412132402,91.62,15535208,173
1412136002,15.66,3086272,34
1412139601,1.48,280602,5
1412143201,0,0,0
1412146802,0,0,0
1412150402,0,0,0
1412154002,0,0,0
1412157602,0.49,90768,1
1412161202,0,0,0
1412164801,0.45,90768,1
1412168401,0.08,16884,4
1412172002,0.03,21088,5
1412175602,1.28,273292,9
1412179202,51.92,7635332,88
1412182801,94.54,14664736,165
1412186402,12.17,2738772,34
1412190002,100.88,18012860,206
1412193601,14.07,3001424,39
1412197202,2.65,565374,11
1412200802,1.15,315898,28
1412204402,0.39,103382,4
1412208002,0.02,4204,1
1412211601,0,0,0
1412215202,0.42,90768,1
1412218801,53.13,9498672,105
1412222401,5.04,817104,9
1412226001,1.22,181536,2
1412229601,0.61,90768,1
1412233202,0,0,0
1412236801,1.09,181568,2
1412240402,0.01,18336,1
1412244001,0,0,0
1412247601,0,0,0
1412251202,0,0,0
1412254801,0.64,99160,3
1412258402,1.27,185772,3
1412262002,1.24,216332,21
1412265602,0.04,25292,6
1412269202,4.86,683368,15
1412272802,0.1,25292,6
1412276402,0.04,16884,4
1412280002,0.05,21088,5
1412283602,2.55,438042,7
1412287202,77.63,10423702,119
1412290801,6.15,1004188,12
1412294402,3,367308,5
1412298002,1.97,277212,4
1412301601,5.38,738934,11
1412305201,2.65,368304,4
1412308801,0.76,90768,1
1412312402,1.11,181600,2
1412316001,0,0,0
1412319601,0,0,0
1412323202,0,0,0
1412326801,0,0,0
1412330402,0,0,0
1412334001,0,0,0
1412337601,2.41,290672,4
1412341202,8.32,1472928,21
1412344802,0.06,21088,5
1412348402,0.85,211924,20
1412352001,0.04,21088,5
1412355602,2.04,313828,12
1412359202,0.05,21088,5
1412362802,0.05,16884,4
1412366402,0.04,21088,5
1412370002,0.04,16884,4
1412373602,1.49,272416,3
1412377202,0,0,0
1412380801,0.03,12614,3
1412384401,0,0,0
1412388002,1.49,181552,2
1412391602,0,4174,1
1412395201,3.17,633212,9
1412398802,0,0,0
1412402401,0,0,0
1412406002,0,0,0
1412409602,1.53,199968,3
1412413202,0,0,0
1412416802,0.74,90768,1
1412420402,0.6,90800,1
1412424002,1.34,248016,3
1412427602,2.87,363088,4
1412431202,0,0,0
1412434802,2.55,476710,18
1412438401,2.96,496096,6
1412442002,0.73,95004,2
1412445602,2.39,371514,6
1412449202,1.43,181568,2
1412452801,1.36,248096,3
1412456402,1.83,272320,3
1412460001,0,0,0
1412463602,1.22,181520,2
1412467202,0.55,99130,3
1412470802,0,0,0
1412474401,0.04,12582,3
1412478002,0,0,0
1412481602,0,0,0
1412485202,2.38,423664,6
1412488801,0,0,0
1412492401,0.87,157280,2
1412496002,0,0,0
1412499602,0.97,157248,2
1412503202,0,0,0
1412506801,0,0,0
1412510402,0,0,0
1412514002,0,0,0
1412517601,0,0,0
1412521202,0.53,181110,15
1412524801,0.85,157248,2
1412528402,1.24,185756,3
1412532002,0.61,90768,1
1412535602,0,0,0
1412539202,0,0,0
1412542801,0,0,0
1412546402,1.58,314496,4
1412550002,0,0,0
1412553601,0,0,0
1412557202,0.01,18336,1
1412560802,0,4204,1
1412564402,0.02,8378,2
1412568002,0.63,90768,1
1412571602,0,0,0
1412575202,0,0,0
1412578802,0,0,0
1412582402,0,0,0
1412586002,0,0,0
1412589602,0,0,0
1412593201,1.92,272448,3
1412596802,0.02,8442,2
1412600402,0.08,39426,6
1412604002,0.02,21088,5
1412607602,0.67,195574,20
1412611202,6.84,1299787,57
1412614802,0.02,16884,4
1412618402,1.27,226940,9
1412622002,0.05,16884,4
1412625602,1.84,327126,7
1412629202,0.03,4204,1
1412632802,0,4204,1
1412636402,0.01,4204,1
1412640002,14.49,2469264,28
1412643602,11.76,2721856,30
1412647202,6.63999999999999,2451588,75
1412650802,16.91,4167882,94
1412654401,2.97,1462466,48
1412658001,0,0,0
1412661601,0,0,0
1412665201,1.47,248032,3
1412668802,0.6,90752,1
1412672401,0,0,0
1412676002,0.66,90816,1
1412679602,0,0,0
1412683202,0.06,8418,2
1412686802,0.02,26776,3
1412690402,6.96,724538,11
1412694002,0.59,115932,7
1412697601,0.12,29474,7
1412701201,0.09,25292,6
1412704802,0.06,25292,6
1412708401,0.05,16884,4
1412712002,3.98,1994644,76
1412715601,0.04,21054,5
1412719202,0.02,8378,2
1412722802,0.56,187214,17
1412726401,0,0,0
1412730001,0,0,0
1412733601,0.6,90768,1
1412737201,0.01,18336,1
1412740802,2.61,1022034,35
1412744402,0,0,0
1412748002,1.17,181568,2
1412751602,0,0,0
1412755202,0,0,0
1412758802,0,0,0
1412762402,0,0,0
1412766002,0,0,0
1412769602,0.04,16820,4
1412773202,0.05,21088,5
1412776801,0.03,8442,2
1412780402,0.58,197738,19
1412784002,0.05,16884,4
1412787602,2.27,379988,8
1412791201,0.04,21088,5
1412794802,2.02,348212,12
1412798402,0.11,37904,9
1412802002,0.06,37844,9
1412805601,0.03,16786,4
1412809202,0.77,99192,3
1412812802,6.23,998544,11
1412816402,0.02,4204,1
1412820002,25.5,4283920,69
1412823602,102.65,15981104,180
1412827202,20.4,3837328,43
1412830802,0,0,0
1412834402,0,0,0
1412838002,0,0,0
1412841601,0,0,0
1412845202,0,0,0
1412848802,0,0,0
1412852402,0,0,0
1412856002,0.95,165674,4
1412859602,34.6,5113406,63
1412863202,34.42,6058232,75
1412866802,12.81,2809168,36
1412870401,13.84,2562080,33
1412874002,41.32,7112958,84
1412877602,13.28,2932600,39
1412881202,7.94,1848528,61
1412884802,0.61,156696,19
1412888402,0.03,16884,4
1412892002,2.68,609056,31
1412895602,1.09,206760,8
1412899202,0,0,0
1412902802,0,0,0
1412906401,5.22,792816,9
1412910002,0.03,36672,2
1412913601,0.03,12582,3
1412917202,0,4204,1
1412920802,1.12,181568,2
1412924402,0,0,0
1412928002,1.49,314480,4
1412931601,0,0,0
1412935202,0,0,0
1412938802,0,0,0
1412942402,0,0,0
1412946002,0.01,4204,1
1412949602,0.07,16850,4
1412953201,10.37,1854154,38
1412956802,12.12,2738484,34
1412960402,14.87,3192436,39
1412964001,29.21,9796634,271
1412967602,18.93,6929772,180
1412971201,14.59,4240786,93
1412974802,3.62,1874138,65
1412978402,0.68,498124,19
1412982002,0,0,0
1412985602,0,0,0
1412989202,0,0,0
1412992801,0,4204,1
1412996403,0.01,4204,1
1413000002,0,0,0
1413003602,0,0,0
1413007202,0,0,0
1413010802,0,0,0
1413014401,0,0,0
1413018001,0,0,0
1413021602,0,0,0
1413025202,1.47,272304,3
1413028802,0,0,0
1413032402,0,0,0
1413036002,1.93,363104,4
1413039602,0.01,4204,1
1413043202,0.01,8378,2
1413046802,0,0,0
1413050401,0,0,0
1413054002,0,0,0
1413057602,0,0,0
1413061202,0,0,0
1413064802,0.58,201098,15
1413068401,0,0,0
1413072001,0,0,0
1413075602,0,0,0
1413079202,0,0,0
1413082802,1.59,272272,3
1413086402,1.76,314512,4
1413090001,0,0,0
1413093602,0,0,0
1413097201,0.64,90784,1
1413100801,0,0,0
1413104401,0.68,90784,1
1413108002,0.88,181536,2
1413111601,0,0,0
1413115202,0,0,0
1413118802,0,0,0
1413122401,0,0,0
1413126002,0.58,177818,15
1413129601,0.03,8378,2
1413133202,0,0,0
1413136802,0,0,0
1413140402,0,0,0
1413144002,0,0,0
1413147601,1.99,272336,3
1413151202,0,0,0
1413154801,0,0,0
1413158402,0,4204,1
1413162002,0,0,0
1413165602,2.51,405280,5
1413169202,0.01,18336,1
1413172801,0.02,26714,3
1413176402,0,0,0
1413180002,0,0,0
1413183601,0.01,18336,1
1413187202,0,0,0
1413190802,0,0,0
1413194401,0,0,0
1413198002,0,0,0
1413201602,0.05,12646,3
1413205202,0.07,21088,5
1413208802,0.05,21040,5
1413212402,2.07,425314,26
1413216002,2.84,444720,11
1413219602,1.66,202608,7
1413223202,3.65,588174,13
1413226803,0.78,124532,9
1413230402,1.22,215236,10
1413234002,2.24,285046,6
1413237602,1.9,294844,5
1413241201,0.78,99178,3
1413244801,0.53,90800,1
1413248402,1.5,248064,3
1413252002,0.64,107622,5
1413255601,4.57,1997840,64
1413259201,17.27,3675596,73
1413262801,1.01,243740,6
1413266401,0.54,90800,1
1413270002,1.42,199888,3
1413273602,0.56,109152,2
1413277201,1.42,199872,3
1413280802,0.65,90768,1
1413284402,0.62,90800,1
1413288002,0.79,90768,1
1413291601,0.63,103414,4
1413295202,0.04,16816,4
1413298802,0.69,202508,16
1413302402,0.11,33700,8
1413306002,0.03,21088,5
1413309602,0.7,111856,6
1413313202,0.04,21088,5
1413316802,0.06,21088,5
1413320402,1.16,434394,20
1413324002,2.61,1504856,52
1413327602,2.76,1460504,50
1413331202,0,0,0
1413334802,0,0,0
1413338402,1.79,375686,7
1413342002,0.68,90800,1
1413345602,77.15,11851792,132
1413349202,175.49,28606732,316
1413352802,142.71,23323072,258
1413356402,23.32,3359280,37
1413360002,1.29,199952,3
1413363602,0.02,18336,1
1413367202,0.57,90800,1
1413370801,0,0,0
1413374402,0.59,109136,2
1413378002,0.71,124502,9
1413381602,0.06,37874,9
1413385202,7.2,1745836,60
1413388802,11.21,3427794,100
1413392402,4.07,2338666,87
1413396002,3.9,1851280,67
1413399602,6.09,2578664,89
1413403202,6.58999999999999,3069264,111
1413406802,5.10999999999999,2601590,95
1413410402,5.46999999999999,2568760,89
1413414002,15.04,5734552,187
1413417602,1.88,280840,5
1413421202,4.78,768544,9
1413424802,1.43,181600,2
1413428402,5.95999999999999,1967436,61
1413432001,3.49,1417602,44
1413435602,1.53,332864,5
1413439202,1.86,272432,3
1413442802,0.01,18336,1
1413446402,1.86,272400,3
1413450002,1.11,181536,2
1413453602,1.23,181600,2
1413457202,1.01,218176,4
1413460802,0.81,117522,4
1413464402,10.97,5128624,179
1413468002,5.32,2223228,78
1413471602,5.61999999999999,2511080,91
1413475202,2.09,1494598,57
1413478802,3.53,1684064,61
1413482402,3.85,1895016,71
1413486002,4.55,1837668,62
1413489602,9.15,2410896,69
1413493202,8.29,2410642,69
1413496801,0.01,4204,1
1413500401,3.68,709100,22
1413504002,1.02,181536,2
1413507602,1.11,236292,6
1413511202,0,0,0
1413514802,0,0,0
1413518402,0,12582,3
1413522002,0,0,0
1413525602,0.9,181504,2
1413529202,0,0,0
1413532802,0,0,0
1413536401,0,0,0
1413540002,0,0,0
1413543601,0,0,0
1413547202,0,4204,1
1413550802,0.42,94972,2
1413554402,1.92,968560,37
1413558002,3.89,2070592,85
1413561602,2.02,1507244,60
1413565202,2.57,1786436,68
1413568802,2.18,1507244,60
1413572402,2.33,1559812,66
1413576002,2.22,1510808,61
1413579602,1.21,816802,45
1413583201,0.02,26730,3
1413586802,0.04,26760,3
1413590401,0.01,4204,1
1413594002,0,0,0
1413597602,0.03,18352,1
1413601202,0.01,18352,1
1413604802,0,0,0
1413608402,0,0,0
1413612002,0,0,0
1413615602,0,0,0
1413619202,0,0,0
1413622802,0,0,0
1413626402,0,0,0
1413630002,0,0,0
1413633602,0,0,0
1413637202,0,0,0
1413640802,0,4204,1
1413644402,0.52,181738,16
1413648002,3.13,544608,6
1413651602,0,0,0
1413655202,6.57,1004192,11
1413658802,1.19,223728,3
1413662402,0,0,0
1413666002,1.55,272304,3
1413669602,0,0,0
1413673202,0,0,0
1413676802,0.99,165610,4
1413680401,2.5,471728,6
1413684002,1.15,181504,2
1413687602,0,0,0
1413691202,0,0,0
1413694801,1.59,314432,4
1413698401,0.82,157216,2
1413702002,0,0,0
1413705602,0,4204,1
1413709202,0.93,181536,2
1413712801,0,0,0
1413716402,0,0,0
1413720002,0,0,0
1413723602,0,0,0
1413727202,0,0,0
1413730802,0.67,204290,15
1413734402,0,0,0
1413738002,0,0,0
1413741602,0,0,0
1413745202,0.01,12582,3
1413748802,0,0,0
1413752402,0,0,0
1413756002,0,0,0
1413759602,0.03,4204,1
1413763202,0,0,0
1413766802,1.55,280682,5
1413770402,0,0,0
1413774002,0,0,0
1413777602,0,0,0
1413781202,0,0,0
1413784802,0,0,0
1413788402,0,0,0
1413792002,0,0,0
1413795602,0,0,0
1413799202,0,0,0
1413802802,0,0,0
1413806402,0,0,0
1413810002,7.36,1267552,19
1413813602,1.03,243558,10
1413817202,0.76,236586,23
1413820802,8.13999999999999,3912952,139
1413824403,2.34,1507248,60
1413828002,2.87,1765244,69
1413831602,2.2,1502944,59
1413835202,4.66999999999999,2072628,72
1413838802,2.65,1655546,65
1413842402,3.7,1818268,60
1413846002,0.34,246944,9
1413849602,0.02,4204,1
1413853203,0,4174,1
1413856802,1.73,389262,41
1413860402,0.03,8410,2
1413864002,0,0,0
1413867602,0,0,0
1413871202,0,0,0
1413874802,0,0,0
1413878402,0,0,0
1413882002,0,0,0
1413885601,1.62,272272,3
1413889202,0,0,0
1413892801,0,0,0
1413896402,0.74,111806,6
1413900002,16.91,3025352,39
1413903602,8.02,1658076,23
1413907202,9.38,1350068,18
1413910803,0.92,115980,7
1413914402,58.54,10039924,122
