524288000S,0C
0 0
4260 1
2211 1
2694 1
3034 1
4996 1
7040 1
4070 1
15265 1
319723 1
70617 1
4239 1
7458 1
7090 1
9284 1
10907 1
895315 1
1071 1
2630114 1
12252 1
22637 1
2036 1
266765 1
23055 1
34054 1
600798 1
13404 1
14687 1
3600 1
-3600 -1
20479 1
559231 1
607740 1
2073084 1
4759 1
13694 1
13686 1
22495 1
24033 1
20088 1
20855 1
6909075 1
8008362 1
7633061 1
95990 1
98920 1
7598 1
1799635 1
1758182 1
12190 1
2149 1
1615370 1
5639186 1
2569673 1
18735 1
4574 1
14815454 1
7923 1
2571966 1
21897 1
3128 1
7238 1
2663 1
7358398 1
416197 1
5965 1
6944 1
430811 1
13490 1
2305 1
796130 1
2036 1
6807 1
2684 1
3169 1
4197 1
5280 1
6125 1
6556 1
7826 1
8159 1
9986 1
10031 1
10470 1
11646 1
22784 1
1638150 1
3189151 1
9015 1
9936 1
77171 1
16857 1
17777 1
17314 1
15390 1
25126 1
26462 1
24866 1
33753 1
28457 1
38435 1
33645 1
43813 1
44006 1
44153 1
